Trace,Policy,L1_Size,L2_Size,L1_Hits,L1_Misses,L1_Accesses,L1_Writes,L1_Charged,L1_Hit_Ratio,L2_Hits,L2_Misses,L2_Accesses,L2_Writes,L2_Charged,L2_Hit_Ratio,Total_Hits,Total_Misses,Total_Accesses,Remote_Accesses,Remote_Writes,Remote_Charged,Total_Hit_Ratio,Time(s), WeightedFastDB, WeightedModDB, WeightedSlowDB
redis_anonymized_trace_1.txt, HierarchicalCache,10,990,1945322,3143810,5089132,3143810,5089132, 0.38225025407083174,1706789,1437021,3143810,1437018,1706789, 0.5429046284603714,3652111,1437021,5089132,1437021,0,1437021, 0.7176294503659956,11.6698,22035143,79515983,151367033
redis_anonymized_trace_1.txt, HierarchicalCache,50,950,2986303,2102829,5089132,2102829,5089132, 0.5868000672806286,660852,1441977,2102829,1441955,660852,0.314268065,3647155,1441977,5089132,1441977,0,1441977, 0.7166556104262967,9.8594,18946892,76625972,148724822
redis_anonymized_trace_1.txt, HierarchicalCache,100,900,3221225,1867907,5089132,1867907,5089132, 0.6329615738007974,421964,1445943,1867907,1445908,421964, 0.22590203902014394,3643189,1445943,5089132,1445943,0,1445943, 0.7158763026779419,10.3913,18269888,76107608,148404758
redis_anonymized_trace_1.txt, HierarchicalCache,200,800,3293725,1795407,5089132,1795407,5089132, 0.6472076181164096,342920,1452487,1795407,1452853,342920, 0.19099847555456784,3636645,1452487,5089132,1452487,0,1452487, 0.7145904252434403,11.126,18098196,76197676,148822026
redis_anonymized_trace_1.txt, HierarchicalCache,300,700,3302527,1786605,5089132,1786605,5089132, 0.6489371861449065,326659,1459946,1786605,1462133,326659,0.18283784,3629186,1459946,5089132,1459946,0,1459946, 0.7131247529048176,15.5147,18124003,76521843,149519143
redis_anonymized_trace_1.txt, HierarchicalCache,400,600,3305632,1783500,5089132,1783500,5089132, 0.6495473098359406,316148,1467352,1783500,1508365,316148, 0.17726268573030557,3621780,1467352,5089132,1467352,0,1467352, 0.7116694949158324,15.0538,18166530,76860610,150228210
redis_anonymized_trace_1.txt, HierarchicalCache,500,500,3308820,1780312,5089132,1780312,5089132, 0.6501737427915015,314113,1466199,1780312,1772479,314113, 0.1764370514831108,3622933,1466199,5089132,1466199,0,1466199, 0.7118960561447414,15.514,18148895,76796855,150106805
redis_anonymized_trace_1.txt, HierarchicalCache,20,1980,2436364,2652768,5089132,2652768,5089132, 0.4787386139718915,1363570,1289198,2652768,1289191,1363570, 0.5140178108300462,3799934,1289198,5089132,1289198,0,1289198, 0.7466762504882954,18.4026,19527256,71095176,135555076
redis_anonymized_trace_1.txt, HierarchicalCache,100,1900,3221225,1867907,5089132,1867907,5089132, 0.6329615738007974,575996,1291911,1867907,1291852,575996, 0.30836438859108084,3797221,1291911,5089132,1291911,0,1291911,0.746143154,15.2856,17191664,68868104,133463654
redis_anonymized_trace_1.txt, HierarchicalCache,200,1800,3293725,1795407,5089132,1795407,5089132, 0.6472076181164096,500922,1294485,1795407,1294357,500922, 0.27900191989894213,3794647,1294485,5089132,1294485,0,1294485, 0.7456373699876521,15.291,16992182,68771582,133495832
redis_anonymized_trace_1.txt, HierarchicalCache,400,1600,3305632,1783500,5089132,1783500,5089132, 0.6495473098359406,484294,1299206,1783500,1299303,484294, 0.2715413512755817,3789926,1299206,5089132,1299206,0,1299206,0.744709707,15.5949,16989508,68957748,133918048
redis_anonymized_trace_1.txt, HierarchicalCache,600,1400,3328697,1760435,5089132,1760435,5089132,0.654079517,457144,1303291,1760435,1306101,457144, 0.2596767276269786,3785841,1303291,5089132,1303291,0,1303291, 0.7439070159705035,15.1963,16948908,69080548,134245098
redis_anonymized_trace_1.txt, HierarchicalCache,800,1200,3509404,1579728,5089132,1579728,5089132, 0.6895879297294706,277851,1301877,1579728,1352928,277851, 0.1758853422867734,3787255,1301877,5089132,1301877,0,1301877, 0.7441848629589486,14.4442,16396889,68471969,133565819
redis_anonymized_trace_1.txt, HierarchicalCache,1000,1000,3653992,1435140,5089132,1435140,5089132, 0.7179990615295496,137903,1297237,1435140,1346152,137903,0.096090277,3791895,1297237,5089132,1297237,0,1297237, 0.7450966097951478,15.3596,15930645,67820125,132681975
redis_anonymized_trace_1.txt, HierarchicalCache,30,2970,2704061,2385071,5089132,2385071,5089132,0.531340315,1175421,1209650,2385071,1209638,1175421, 0.4928243226302278,3879482,1209650,5089132,1209650,0,1209650, 0.7623072068085481,17.6134,18167329,66553329,127035829
redis_anonymized_trace_1.txt, HierarchicalCache,150,2850,3277797,1811335,5089132,1811335,5089132, 0.6440778113045604,598742,1212593,1811335,1212500,598742, 0.3305528795059997,3876539,1212593,5089132,1212593,0,1212593, 0.7617289156579158,14.4799,16466722,64970442,125600092
redis_anonymized_trace_1.txt, HierarchicalCache,300,2700,3302527,1786605,5089132,1786605,5089132, 0.6489371861449065,570766,1215839,1786605,1215663,570766, 0.31946960855925066,3873293,1215839,5089132,1215839,0,1215839, 0.7610910858669022,15.5521,16415254,65048814,125840764
redis_anonymized_trace_1.txt, HierarchicalCache,600,2400,3328697,1760435,5089132,1760435,5089132,0.654079517,538625,1221810,1760435,1221691,538625, 0.30596131069877613,3867322,1221810,5089132,1221810,0,1221810, 0.7599178013067848,15.1739,16378541,65250941,126341441
redis_anonymized_trace_1.txt, HierarchicalCache,900,2100,3603128,1486004,5089132,1486004,5089132,0.70800443,265291,1220713,1486004,1239631,265291, 0.1785264373447178,3868419,1220713,5089132,1220713,0,1220713, 0.7601333586945672,14.8361,15547569,64376089,125411739
redis_anonymized_trace_1.txt, HierarchicalCache,1200,1800,3690997,1398135,5089132,1398135,5089132, 0.7252704390454011,178887,1219248,1398135,1246715,178887, 0.12794687208316793,3869884,1219248,5089132,1219248,0,1219248,0.760421227,14.2439,15273707,64043627,125006027
redis_anonymized_trace_1.txt, HierarchicalCache,1500,1500,3737724,1351408,5089132,1351408,5089132, 0.7344521619796853,133464,1217944,1351408,1258450,133464,0.09875922,3871188,1217944,5089132,1217944,0,1217944, 0.7606774593388421,14.7692,15124398,63842158,124739358
redis_anonymized_trace_1.txt, HierarchicalCache,40,3960,2871813,2217319,5089132,2217319,5089132, 0.5643031070917398,1062878,1154441,2217319,1154423,1062878, 0.47935276791476555,3934691,1154441,5089132,1154441,0,1154441, 0.7731556186791775,15.9893,17277610,63455250,121177300
redis_anonymized_trace_1.txt, HierarchicalCache,200,3800,3293725,1795407,5089132,1795407,5089132, 0.6472076181164096,638106,1157301,1795407,1157181,638106, 0.35541022174916326,3931831,1157301,5089132,1157301,0,1157301,0.772593637,15.2556,16031894,62323934,120188984
redis_anonymized_trace_1.txt, HierarchicalCache,400,3600,3305632,1783500,5089132,1783500,5089132, 0.6495473098359406,623057,1160443,1783500,1160228,623057, 0.34934510793383794,3928689,1160443,5089132,1160443,0,1160443, 0.7719762427070078,15.353,16018167,62435887,120458037
redis_anonymized_trace_1.txt, HierarchicalCache,800,3200,3509404,1579728,5089132,1579728,5089132, 0.6895879297294706,414831,1164897,1579728,1170542,414831, 0.26259647230409283,3924235,1164897,5089132,1164897,0,1164897, 0.7711010443431218,14.9343,15438029,62033909,120278759
redis_anonymized_trace_1.txt, HierarchicalCache,1200,2800,3690997,1398135,5089132,1398135,5089132, 0.7252704390454011,234252,1163883,1398135,1175197,234252, 0.1675460524198307,3925249,1163883,5089132,1163883,0,1163883, 0.7713002924663773,14.6392,14886152,61441472,119635622
redis_anonymized_trace_1.txt, HierarchicalCache,1600,2400,3755352,1333780,5089132,1333780,5089132, 0.7379160139685903,170292,1163488,1333780,1189070,170292, 0.12767622846346474,3925644,1163488,5089132,1163488,0,1163488, 0.7713779088457521,14.1006,14690322,61229842,119404242
redis_anonymized_trace_1.txt, HierarchicalCache,2000,2000,3801062,1288070,5089132,1288070,5089132, 0.7468978992881301,126129,1161941,1288070,1201701,126129,0.09792092,3927191,1161941,5089132,1161941,0,1161941, 0.7716818899568728,14.8581,14542363,61020003,119117053
redis_anonymized_trace_1.txt, HierarchicalCache,50,4950,2986303,2102829,5089132,2102829,5089132, 0.5868000672806286,988433,1114396,2102829,1114372,988433, 0.4700491575872313,3974736,1114396,5089132,1114396,0,1114396, 0.7810243475704698,16.3801,16653825,61229665,116949465
redis_anonymized_trace_1.txt, HierarchicalCache,250,4750,3299584,1789548,5089132,1789548,5089132, 0.6483588949942741,672218,1117330,1789548,1117186,672218,0.375635635,3971802,1117330,5089132,1117330,0,1117330, 0.7804478248943042,15.4277,15734520,60427720,116294220
redis_anonymized_trace_1.txt, HierarchicalCache,500,4500,3308820,1780312,5089132,1780312,5089132, 0.6501737427915015,659731,1120581,1780312,1120322,659731, 0.37057043933872263,3968551,1120581,5089132,1120581,0,1120581, 0.7798090126174758,14.9357,15729569,60552809,116581859
redis_anonymized_trace_1.txt, HierarchicalCache,1000,4000,3653992,1435140,5089132,1435140,5089132, 0.7179990615295496,312526,1122614,1435140,1128970,312526, 0.21776690775812813,3966518,1122614,5089132,1122614,0,1122614, 0.7794095338851498,14.6527,14708284,59612844,115743544
redis_anonymized_trace_1.txt, HierarchicalCache,1500,3500,3737724,1351408,5089132,1351408,5089132, 0.7344521619796853,227751,1123657,1351408,1131818,227751, 0.16852867527793236,3965475,1123657,5089132,1123657,0,1123657,0.779204587,13.9733,14464389,59410669,115593519
redis_anonymized_trace_1.txt, HierarchicalCache,2000,3000,3801062,1288070,5089132,1288070,5089132, 0.7468978992881301,164680,1123390,1288070,1147929,164680, 0.12785019447700824,3965742,1123390,5089132,1123390,0,1123390,0.779257052,14.2905,14272506,59208106,115377606
redis_anonymized_trace_1.txt, HierarchicalCache,2500,2500,3845914,1243218,5089132,1243218,5089132, 0.7557111900418382,121439,1121779,1243218,1162380,121439,0.097681179,3967353,1121779,5089132,1121779,0,1121779, 0.7795736090162331,13.5311,14126673,58997833,115086783
redis_anonymized_trace_1.txt, HierarchicalCache,60,5940,3066327,2022805,5089132,2022805,5089132, 0.6025245562504569,939380,1083425,2022805,1083396,939380, 0.46439473898868155,4005707,1083425,5089132,1083425,0,1083425, 0.7871100612049363,16.7402,16196956,59533956,113705206
redis_anonymized_trace_1.txt, HierarchicalCache,300,5700,3302527,1786605,5089132,1786605,5089132, 0.6489371861449065,700447,1086158,1786605,1085980,700447, 0.39205476308417364,4002974,1086158,5089132,1086158,0,1086158, 0.7865730344585284,15.6832,15507487,58953807,113261707
redis_anonymized_trace_1.txt, HierarchicalCache,600,5400,3328697,1760435,5089132,1760435,5089132,0.654079517,671058,1089377,1760435,1089070,671058, 0.3811887402829414,3999755,1089377,5089132,1089377,0,1089377, 0.7859405100909153,15.5974,15451510,59026590,113495440
redis_anonymized_trace_1.txt, HierarchicalCache,1200,4800,3690997,1398135,5089132,1398135,5089132, 0.7252704390454011,307074,1091061,1398135,1094938,307074, 0.21963115149824589,3998071,1091061,5089132,1091061,0,1091061, 0.7856096088684672,13.6394,14376398,58018838,112571888
redis_anonymized_trace_1.txt, HierarchicalCache,1800,4200,3782284,1306848,5089132,1306848,5089132,0.743208076,214818,1092030,1306848,1098829,214818, 0.1643787188716668,3997102,1092030,5089132,1092030,0,1092030, 0.7854192031175454,14.1371,14109320,57790520,112392020
redis_anonymized_trace_1.txt, HierarchicalCache,2400,3600,3837815,1251317,5089132,1251317,5089132, 0.7541197595189121,159379,1091938,1251317,1116169,159379, 0.1273690040173673,3997194,1091938,5089132,1091938,0,1091938,0.785437281,14.3869,13942083,57619603,112216503
redis_anonymized_trace_1.txt, HierarchicalCache,3000,3000,3880584,1208548,5089132,1208548,5089132, 0.7625237466821454,118067,1090481,1208548,1131584,118067,0.097693265,3998651,1090481,5089132,1090481,0,1090481,0.785723577,13.7972,13803577,57422817,111946867
redis_anonymized_trace_1.txt, HierarchicalCache,70,6930,3124496,1964636,5089132,1964636,5089132, 0.6139545997234892,906209,1058427,1964636,1058393,906209, 0.4612605083079003,4030705,1058427,5089132,1058427,0,1058427, 0.7920220972849594,16.0348,15847463,58184543,111105893
redis_anonymized_trace_1.txt, HierarchicalCache,350,6650,3304321,1784811,5089132,1784811,5089132, 0.6492897020552817,723661,1061150,1784811,1060948,723661, 0.40545525548643524,4027982,1061150,5089132,1061150,0,1061150, 0.7914870355101813,700.3768,15327049,57773049,110830549
redis_anonymized_trace_1.txt, HierarchicalCache,700,6300,3399166,1689966,5089132,1689966,5089132,0.667926475,625906,1064060,1689966,1063645,625906,0.370366031,4025072,1064060,5089132,1064060,0,1064060, 0.7909152287659271,13.2309,15062884,57625284,110828284
redis_anonymized_trace_1.txt, HierarchicalCache,1400,5600,3719382,1369750,5089132,1369750,5089132, 0.7308480110164169,304071,1065679,1369750,1068121,304071, 0.22199014418689542,4023453,1065679,5089132,1065679,0,1065679, 0.7905970998590722,10.0985,14113569,56740729,110024679
redis_anonymized_trace_1.txt, HierarchicalCache,2100,4900,3811118,1278014,5089132,1278014,5089132, 0.7488738747589962,211283,1066731,1278014,1072952,211283, 0.16532135015735352,4022401,1066731,5089132,1066731,0,1066731, 0.7903903848436237,10.696,13845725,56514965,109851515
redis_anonymized_trace_1.txt, HierarchicalCache,2800,4200,3867301,1221831,5089132,1221831,5089132, 0.7599136748663623,155224,1066607,1221831,1090825,155224, 0.12704211957300152,4022525,1066607,5089132,1066607,0,1066607, 0.7904147504918324,10.3617,13676308,56340588,109670938
redis_anonymized_trace_1.txt, HierarchicalCache,3500,3500,3910108,1179024,5089132,1179024,5089132, 0.7683251289217886,113922,1065102,1179024,1105888,113922,0.096623987,4024030,1065102,5089132,1065102,0,1065102, 0.7907104787221082,10.0259,13537352,56141432,109396532
redis_anonymized_trace_1.txt, HierarchicalCache,80,7920,3166492,1922640,5089132,1922640,5089132, 0.6222066945797436,885544,1037096,1922640,1037054,885544, 0.46058752548579035,4052036,1037096,5089132,1037096,0,1037096, 0.7962135782683569,11.4449,15572158,57055998,108910798
redis_anonymized_trace_1.txt, HierarchicalCache,400,7600,3305632,1783500,5089132,1783500,5089132, 0.6495473098359406,743676,1039824,1783500,1039581,743676, 0.41697560975609754,4049308,1039824,5089132,1039824,0,1039824,0.795677534,11.3735,15173834,56766794,108757994
redis_anonymized_trace_1.txt, HierarchicalCache,800,7200,3509404,1579728,5089132,1579728,5089132, 0.6895879297294706,537052,1042676,1579728,1042615,537052, 0.3399648547091651,4046456,1042676,5089132,1042676,0,1042676, 0.7951171240989623,10.5665,14582482,56289522,108423322
redis_anonymized_trace_1.txt, HierarchicalCache,1600,6400,3755352,1333780,5089132,1333780,5089132, 0.7379160139685903,289532,1044248,1333780,1045667,289532, 0.21707627944638547,4044884,1044248,5089132,1044248,0,1044248, 0.7948082305587671,10.2278,13855642,55625562,107837962
redis_anonymized_trace_1.txt, HierarchicalCache,2400,5600,3837815,1251317,5089132,1251317,5089132, 0.7541197595189121,205905,1045412,1251317,1051480,205905, 0.16455062945680432,4043720,1045412,5089132,1045412,0,1045412, 0.7945795078610655,9.8961,13616401,55432881,107703481
redis_anonymized_trace_1.txt, HierarchicalCache,3200,4800,3893855,1195277,5089132,1195277,5089132, 0.7651314605319728,150022,1045255,1195277,1069406,150022, 0.12551232894132489,4043877,1045255,5089132,1045255,0,1045255, 0.7946103579156524,9.8647,13447182,55257382,107520132
redis_anonymized_trace_1.txt, HierarchicalCache,4000,4000,3935671,1153461,5089132,1153461,5089132,0.773348186,109677,1043784,1153461,1083487,109677,0.095085139,4045348,1043784,5089132,1043784,0,1043784, 0.7948994052423871,9.4472,13311437,55062797,107251997
redis_anonymized_trace_1.txt, HierarchicalCache,90,8910,3197921,1891211,5089132,1891211,5089132, 0.6283824039148522,872011,1019200,1891211,1019152,872011, 0.46108604486754784,4069932,1019200,5089132,1019200,0,1019200,0.799730091,11.081,15352599,56120599,107080599
redis_anonymized_trace_1.txt, HierarchicalCache,450,8550,3306700,1782432,5089132,1782432,5089132, 0.6497571688059968,760482,1021950,1782432,1021678,760482, 0.42665414444983035,4067182,1021950,5089132,1021950,0,1021950, 0.7991897242987606,11.0345,15045512,55923512,107021012
redis_anonymized_trace_1.txt, HierarchicalCache,900,8100,3603128,1486004,5089132,1486004,5089132,0.70800443,461951,1024053,1486004,1025147,461951, 0.31086793844431104,4065079,1024053,5089132,1024053,0,1024053, 0.7987764907650263,10.8356,14170949,55133069,106335719
redis_anonymized_trace_1.txt, HierarchicalCache,1800,7200,3782284,1306848,5089132,1306848,5089132,0.743208076,280962,1025886,1306848,1026448,280962, 0.21499210313670755,4063246,1025886,5089132,1025886,0,1025886,0.798416311,10.0518,13646312,54681752,105976052
redis_anonymized_trace_1.txt, HierarchicalCache,2700,6300,3860633,1228499,5089132,1228499,5089132, 0.7586034317836519,201433,1027066,1228499,1032987,201433, 0.1639667594357016,4062066,1027066,5089132,1027066,0,1027066, 0.7981844448129858,9.8195,13419525,54502165,105855465
redis_anonymized_trace_1.txt, HierarchicalCache,3600,5400,3915840,1173292,5089132,1173292,5089132, 0.7694514506599553,146458,1026834,1173292,1050806,146458, 0.12482655639005465,4062298,1026834,5089132,1026834,0,1026834, 0.7982300321547957,9.5696,13252280,54325640,105667340
redis_anonymized_trace_1.txt, HierarchicalCache,4500,4500,3957121,1132011,5089132,1132011,5089132, 0.7775630500446834,106641,1025370,1132011,1063762,106641,0.094204915,4063762,1025370,5089132,1025370,0,1025370, 0.7985177040013897,9.4551,13118189,54132989,105401489
redis_anonymized_trace_1.txt, HierarchicalCache,100,9900,3221225,1867907,5089132,1867907,5089132, 0.6329615738007974,863896,1004011,1867907,1003961,863896, 0.4624941177478322,4085121,1004011,5089132,1004011,0,1004011, 0.8027146869053504,11.4378,15176364,55336804,105537354
redis_anonymized_trace_1.txt, HierarchicalCache,500,9500,3308820,1780312,5089132,1780312,5089132, 0.6501737427915015,773897,1006415,1780312,1006115,773897, 0.43469740135436935,4082717,1006415,5089132,1006415,0,1006415,0.802242308,11.6798,14930407,55187007,105507757
redis_anonymized_trace_1.txt, HierarchicalCache,1000,9000,3653992,1435140,5089132,1435140,5089132, 0.7179990615295496,426926,1008214,1435140,1009748,426926, 0.2974803851889014,4080918,1008214,5089132,1008214,0,1008214, 0.8018888093293709,10.7769,13907484,54236044,104646744
redis_anonymized_trace_1.txt, HierarchicalCache,2000,8000,3801062,1288070,5089132,1288070,5089132, 0.7468978992881301,277900,1010170,1288070,1010280,277900, 0.21574914406825715,4078962,1010170,5089132,1010170,0,1010170, 0.8015044608785938,10.5319,13479966,53886766,104395266
redis_anonymized_trace_1.txt, HierarchicalCache,3000,7000,3880584,1208548,5089132,1208548,5089132, 0.7625237466821454,197080,1011468,1208548,1017207,197080, 0.16307171912079618,4077664,1011468,5089132,1011468,0,1011468, 0.8012494075610537,10.3303,13250486,53709206,104282606
redis_anonymized_trace_1.txt, HierarchicalCache,4000,6000,3935671,1153461,5089132,1153461,5089132,0.773348186,142400,1011061,1153461,1034879,142400, 0.12345454245960635,4078071,1011061,5089132,1011061,0,1011061,0.801329382,10.4671,13082376,53524816,104077866
redis_anonymized_trace_1.txt, HierarchicalCache,5000,5000,3975676,1113456,5089132,1113456,5089132, 0.7812090549036653,103843,1009613,1113456,1046765,103843,0.09326188,4079519,1009613,5089132,1009613,0,1009613, 0.8016139097983703,9.9416,12952225,53336745,103817395
redis_anonymized_trace_1.txt, HierarchicalCache,200,19800,3293725,1795407,5089132,1795407,5089132, 0.6472076181164096,884428,910979,1795407,910871,884428, 0.49260585482845953,4178153,910979,5089132,910979,0,910979,0.820995211,16.4388,14307640,50746800,96295750
redis_anonymized_trace_1.txt, HierarchicalCache,1000,19000,3653992,1435140,5089132,1435140,5089132, 0.7179990615295496,522227,912913,1435140,912635,522227, 0.36388575330629763,4176219,912913,5089132,912913,0,912913, 0.8206151854579523,15.1242,13240377,49756897,95402547
redis_anonymized_trace_1.txt, HierarchicalCache,2000,18000,3801062,1288070,5089132,1288070,5089132, 0.7468978992881301,373848,914222,1288070,913235,373848, 0.29023888453267294,4174910,914222,5089132,914222,0,914222, 0.8203579706716194,10.7687,12808330,49377210,95088310
redis_anonymized_trace_1.txt, HierarchicalCache,4000,16000,3935671,1153461,5089132,1153461,5089132,0.773348186,237205,916256,1153461,914444,237205, 0.20564631140541378,4172876,916256,5089132,916256,0,916256, 0.8199582954421304,10.1172,12418741,49068981,94881781
redis_anonymized_trace_1.txt, HierarchicalCache,6000,14000,4006657,1082475,5089132,1082475,5089132, 0.7872967335097616,165500,916975,1082475,920956,165500, 0.1528903669830712,4172157,916975,5089132,916975,0,916975, 0.8198170139819522,12.053,12210816,48889816,94738566
redis_anonymized_trace_1.txt, HierarchicalCache,8000,12000,4052859,1036273,5089132,1036273,5089132, 0.7963752954334845,119749,916524,1036273,931932,119749, 0.1155573869048021,4172608,916524,5089132,916524,0,916524, 0.8199056342024534,10.3521,12069053,48730013,94556213
redis_anonymized_trace_1.txt, HierarchicalCache,10000,10000,4085854,1003278,5089132,1003278,5089132, 0.8028587193258103,87859,915419,1003278,939739,87859,0.087571939,4173713,915419,5089132,915419,0,915419, 0.8201227635675397,10.4814,11962333,48579093,94350043
redis_anonymized_trace_1.txt, HierarchicalCache,300,29700,3302527,1786605,5089132,1786605,5089132, 0.6489371861449065,921533,865072,1786605,864917,921533, 0.5158011983622569,4224060,865072,5089132,865072,0,865072, 0.8300158062317896,15.3276,13959885,48562765,91816365
redis_anonymized_trace_1.txt, HierarchicalCache,1500,28500,3737724,1351408,5089132,1351408,5089132, 0.7344521619796853,484846,866562,1351408,866114,484846, 0.3587710003196666,4222570,866562,5089132,866562,0,866562, 0.8297230254589584,11.0692,12664724,47327204,90655304
redis_anonymized_trace_1.txt, HierarchicalCache,3000,27000,3880584,1208548,5089132,1208548,5089132, 0.7625237466821454,340741,867807,1208548,865753,340741, 0.28194246318722965,4221325,867807,5089132,867807,0,867807, 0.8294783864910559,11.301,12244859,46957139,90347489
redis_anonymized_trace_1.txt, HierarchicalCache,6000,24000,4006657,1082475,5089132,1082475,5089132, 0.7872967335097616,213057,869418,1082475,866183,213057, 0.1968239451257535,4219714,869418,5089132,869418,0,869418, 0.8291618295615047,10.595,11877917,46654637,90125537
redis_anonymized_trace_1.txt, HierarchicalCache,9000,21000,4070743,1018389,5089132,1018389,5089132, 0.7998894506961108,148548,869841,1018389,868794,148548, 0.14586567608251857,4219291,869841,5089132,869841,0,869841, 0.8290787112615668,11.0567,11688620,46482260,89974310
redis_anonymized_trace_1.txt, HierarchicalCache,12000,18000,4111587,977545,5089132,977545,5089132, 0.8079151808206193,108010,869535,977545,875827,108010, 0.1104910771371139,4219597,869535,5089132,869535,0,869535, 0.8291388393934368,10.8,11563946,46345346,89822096
redis_anonymized_trace_1.txt, HierarchicalCache,15000,15000,4141954,947178,5089132,947178,5089132, 0.8138822101686496,78510,868668,947178,880933,78510,0.082888327,4220464,868668,5089132,868668,0,868668, 0.8293092024337353,11.7072,11466776,46213496,89646896
redis_anonymized_trace_1.txt, HierarchicalCache,400,39600,3305632,1783500,5089132,1783500,5089132, 0.6495473098359406,949403,834097,1783500,833894,949403, 0.5323257639472947,4255035,834097,5089132,834097,0,834097, 0.8361023058549081,13.0422,13733745,47097625,88802475
redis_anonymized_trace_1.txt, HierarchicalCache,2000,38000,3801062,1288070,5089132,1288070,5089132, 0.7468978992881301,452648,835422,1288070,834353,452648, 0.35141568393022116,4253710,835422,5089132,835422,0,835422, 0.8358419471139675,11.3316,12256730,45673610,87444710
redis_anonymized_trace_1.txt, HierarchicalCache,4000,36000,3935671,1153461,5089132,1153461,5089132,0.773348186,316751,836710,1153461,833869,316751, 0.2746091978835869,4252422,836710,5089132,836710,0,836710, 0.8355888587680571,11.9435,11861919,45330319,87165819
redis_anonymized_trace_1.txt, HierarchicalCache,8000,32000,4052859,1036273,5089132,1036273,5089132, 0.7963752954334845,198050,838223,1036273,833133,198050, 0.19111759159989694,4250909,838223,5089132,838223,0,838223, 0.8352915585604775,12.017,11520946,45049866,86961016
redis_anonymized_trace_1.txt, HierarchicalCache,12000,28000,4111587,977545,5089132,977545,5089132, 0.8079151808206193,138875,838670,977545,833682,138875, 0.14206507117319409,4250462,838670,5089132,838670,0,838670, 0.8352037243286281,10.9037,11347891,44894691,86828191
redis_anonymized_trace_1.txt, HierarchicalCache,16000,24000,4150746,938386,5089132,938386,5089132, 0.8156098132255166,99926,838460,938386,839993,99926, 0.10648709592854114,4250672,838460,5089132,838460,0,838460, 0.8352449887328527,10.8501,11228944,44767344,86690344
redis_anonymized_trace_1.txt, HierarchicalCache,20000,20000,4178808,910324,5089132,910324,5089132,0.821123917,72692,837632,910324,843591,72692,0.079852888,4251500,837632,5089132,837632,0,837632, 0.8354076883837951,10.0307,11138962,44644242,86525842
redis_anonymized_trace_1.txt, HierarchicalCache,500,49500,3308820,1780312,5089132,1780312,5089132, 0.6501737427915015,969434,810878,1780312,810621,969434, 0.5445303969191917,4278254,810878,5089132,810878,0,810878, 0.8406647734820004,12.1496,13561648,45996768,86540668
redis_anonymized_trace_1.txt, HierarchicalCache,2500,47500,3845914,1243218,5089132,1243218,5089132, 0.7557111900418382,431136,812082,1243218,810530,431136, 0.3467903456996279,4277050,812082,5089132,812082,0,812082, 0.8404281908977799,11.8655,11958794,44442074,85046174
redis_anonymized_trace_1.txt, HierarchicalCache,5000,45000,3975676,1113456,5089132,1113456,5089132, 0.7812090549036653,300206,813250,1113456,809685,300206, 0.26961640154617694,4275882,813250,5089132,813250,0,813250, 0.8401986822114262,12.8726,11577684,44107684,84770184
redis_anonymized_trace_1.txt, HierarchicalCache,10000,40000,4085854,1003278,5089132,1003278,5089132, 0.8028587193258103,188658,814620,1003278,807636,188658, 0.18804159963639192,4274512,814620,5089132,814620,0,814620, 0.8399294810981519,10.0382,11256740,43841540,84572540
redis_anonymized_trace_1.txt, HierarchicalCache,15000,35000,4141954,947178,5089132,947178,5089132, 0.8138822101686496,131979,815199,947178,807069,131979, 0.13933917384060862,4273933,815199,5089132,815199,0,815199,0.839815709,10.5901,11092493,43700453,84460403
redis_anonymized_trace_1.txt, HierarchicalCache,20000,30000,4178808,910324,5089132,910324,5089132,0.821123917,95229,815095,910324,813118,95229, 0.10461000698652348,4274037,815095,5089132,815095,0,815095, 0.8398361449457393,10.0123,10981203,43585003,84339753
redis_anonymized_trace_1.txt, HierarchicalCache,25000,25000,4204743,884389,5089132,884389,5089132, 0.8262200705346217,70098,814291,884389,817790,70098,0.079261501,4274841,814291,5089132,814291,0,814291, 0.8399941286647703,10.0202,10897770,43469410,84183960
redis_anonymized_trace_1.txt, HierarchicalCache,600,59400,3328697,1760435,5089132,1760435,5089132,0.654079517,968330,792105,1760435,791799,968330, 0.5500515497590084,4297027,792105,5089132,792105,0,792105, 0.8443536147225106,12.6708,13370606,45054806,84660056
redis_anonymized_trace_1.txt, HierarchicalCache,3000,57000,3880584,1208548,5089132,1208548,5089132, 0.7625237466821454,415113,793435,1208548,791474,415113, 0.3434807719676835,4295697,793435,5089132,793435,0,793435, 0.8440922734957552,11.1957,11724255,43461655,83133405
redis_anonymized_trace_1.txt, HierarchicalCache,6000,54000,4006657,1082475,5089132,1082475,5089132, 0.7872967335097616,287803,794672,1082475,790359,287803, 0.2658749624702649,4294460,794672,5089132,794672,0,794672, 0.8438492065051565,10.422,11354695,43141575,82875175
redis_anonymized_trace_1.txt, HierarchicalCache,12000,48000,4111587,977545,5089132,977545,5089132, 0.8079151808206193,181462,796083,977545,787335,181462, 0.1856303290385609,4293049,796083,5089132,796083,0,796083, 0.8435719490082002,11.2134,11049782,42893102,82697252
redis_anonymized_trace_1.txt, HierarchicalCache,18000,42000,4165806,923326,5089132,923326,5089132, 0.8185690604999045,126589,796737,923326,785565,126589, 0.13710108888951464,4292395,796737,5089132,796737,0,796737, 0.8434434398636153,10.2697,10891703,42761183,82598033
redis_anonymized_trace_1.txt, HierarchicalCache,24000,36000,4200138,888994,5089132,888994,5089132, 0.8253152010991265,92292,796702,888994,792251,92292, 0.10381622373154374,4292430,796702,5089132,796702,0,796702, 0.8434503172643193,9.8806,10788462,42656542,82491642
redis_anonymized_trace_1.txt, HierarchicalCache,30000,30000,4224661,864471,5089132,864471,5089132,0.830133901,68492,795979,864471,795178,68492,0.079229957,4293153,795979,5089132,795979,0,795979, 0.8435923847131495,12.4032,10709832,42548992,82347942
redis_anonymized_trace_1.txt, HierarchicalCache,700,69300,3399166,1689966,5089132,1689966,5089132,0.667926475,915215,774751,1689966,774364,915215, 0.5415582325324888,4314381,774751,5089132,774751,0,774751, 0.8477636264887608,12.8836,13037721,44027761,82765311
redis_anonymized_trace_1.txt, HierarchicalCache,3500,66500,3910108,1179024,5089132,1179024,5089132, 0.7683251289217886,402999,776025,1179024,773745,402999, 0.3418072914546269,4313107,776025,5089132,776025,0,776025,0.847513289,17.2101,11513813,42554813,81356063
redis_anonymized_trace_1.txt, HierarchicalCache,7000,63000,4031630,1057502,5089132,1057502,5089132, 0.7922038571607103,280219,777283,1057502,772270,280219, 0.26498200476216593,4311849,777283,5089132,777283,0,777283, 0.8472660956721106,11.7926,11158053,42249373,81113523
redis_anonymized_trace_1.txt, HierarchicalCache,14000,56000,4132618,956514,5089132,956514,5089132, 0.8120477126551247,177744,778770,956514,768348,177744, 0.18582477621864396,4310362,778770,5089132,778770,0,778770, 0.8469739043907684,10.6309,10865498,42016298,80954798
redis_anonymized_trace_1.txt, HierarchicalCache,21000,49000,4184634,904498,5089132,904498,5089132, 0.8222687090843782,125008,779490,904498,765919,125008, 0.13820704965627342,4309642,779490,5089132,779490,0,779490, 0.8468324264334272,10.203,10714490,41894090,80868590
redis_anonymized_trace_1.txt, HierarchicalCache,28000,42000,4217301,871831,5089132,871831,5089132, 0.8286876819072486,92311,779520,871831,772433,92311, 0.10588175919415575,4309612,779520,5089132,779520,0,779520, 0.8468265315185379,12.6168,10616699,41797499,80773499
redis_anonymized_trace_1.txt, HierarchicalCache,35000,35000,4241451,847681,5089132,847681,5089132, 0.8334330883930697,69013,778668,847681,773234,69013,0.081413881,4310464,778668,5089132,778668,0,778668, 0.8469939471013918,12.7728,10538285,41685005,80618405
redis_anonymized_trace_1.txt, HierarchicalCache,800,79200,3509404,1579728,5089132,1579728,5089132, 0.6895879297294706,819234,760494,1579728,760054,819234, 0.5185918082100209,4328638,760494,5089132,760494,0,760494, 0.8505650865412805,17.9129,12607208,43026968,81051668
redis_anonymized_trace_1.txt, HierarchicalCache,4000,76000,3935671,1153461,5089132,1153461,5089132,0.773348186,391731,761730,1153461,759121,391731, 0.33961356300733186,4327402,761730,5089132,761730,0,761730, 0.8503222160478447,13.272,11337059,41806259,79892759
redis_anonymized_trace_1.txt, HierarchicalCache,8000,72000,4052859,1036273,5089132,1036273,5089132, 0.7963752954334845,273364,762909,1036273,757173,273364,0.263795351,4326223,762909,5089132,762909,0,762909, 0.8500905458926984,13.9924,10993748,41510108,79655558
redis_anonymized_trace_1.txt, HierarchicalCache,16000,64000,4150746,938386,5089132,938386,5089132, 0.8156098132255166,174079,764307,938386,752295,174079, 0.1855089483432191,4324825,764307,5089132,764307,0,764307, 0.8498158428588608,14.2295,10709873,41282153,79497503
redis_anonymized_trace_1.txt, HierarchicalCache,24000,56000,4200138,888994,5089132,888994,5089132, 0.8253152010991265,123943,765051,888994,749104,123943, 0.13941938865729128,4324081,765051,5089132,765051,0,765051, 0.8496696489696082,22.2187,10566905,41168945,79421495
redis_anonymized_trace_1.txt, HierarchicalCache,32000,48000,4231765,857367,5089132,857367,5089132,0.831529817,92357,765010,857367,755103,92357, 0.10772166411816643,4324122,765010,5089132,765010,0,765010, 0.8496777053532901,11.0023,10471737,41072137,79322637
redis_anonymized_trace_1.txt, HierarchicalCache,40000,40000,4255568,833564,5089132,833564,5089132, 0.8362070388427731,69391,764173,833564,754072,69391,0.083246157,4324959,764173,5089132,764173,0,764173, 0.8498421734786993,16.5603,10394469,40961389,79170039
redis_anonymized_trace_1.txt, HierarchicalCache,900,89100,3603128,1486004,5089132,1486004,5089132,0.70800443,736543,749461,1486004,748960,736543, 0.49565344373231834,4339671,749461,5089132,749461,0,749461, 0.8527330397403722,12.7173,12248805,42227245,79700295
redis_anonymized_trace_1.txt, HierarchicalCache,4500,85500,3957121,1132011,5089132,1132011,5089132, 0.7775630500446834,381166,750845,1132011,747924,381166, 0.3367158092986729,4338287,750845,5089132,750845,0,750845, 0.8524610876668163,13.41,11196514,41230314,78772564
redis_anonymized_trace_1.txt, HierarchicalCache,9000,81000,4070743,1018389,5089132,1018389,5089132, 0.7998894506961108,266505,751884,1018389,745477,266505, 0.2616927323449095,4337248,751884,5089132,751884,0,751884, 0.8522569271144863,10.9217,10862921,40938281,78532481
redis_anonymized_trace_1.txt, HierarchicalCache,18000,72000,4165806,923326,5089132,923326,5089132, 0.8185690604999045,170171,753155,923326,739556,170171, 0.18430218579353339,4335977,753155,5089132,753155,0,753155, 0.8520071792203464,13.9577,10586629,40712829,78370579
redis_anonymized_trace_1.txt, HierarchicalCache,27000,63000,4213450,875682,5089132,875682,5089132, 0.8279309713326359,121772,753910,875682,735136,121772, 0.13905961296452365,4335222,753910,5089132,753910,0,753910,0.851858824,14.0489,10448982,40605382,78300882
redis_anonymized_trace_1.txt, HierarchicalCache,36000,54000,4244370,844762,5089132,844762,5089132, 0.8340066636117908,90924,753838,844762,739425,90924, 0.1076326823412985,4335294,753838,5089132,753838,0,753838, 0.8518729716580352,9.615,10355718,40509238,78201138
redis_anonymized_trace_1.txt, HierarchicalCache,45000,45000,4267958,821174,5089132,821174,5089132, 0.8386416386920206,68061,753113,821174,736637,68061,0.082882556,4336019,753113,5089132,753113,0,753113, 0.8520154321011914,9.3204,10279879,40404399,78060049
redis_anonymized_trace_1.txt, HierarchicalCache,1000,99000,3653992,1435140,5089132,1435140,5089132, 0.7179990615295496,695667,739473,1435140,738925,695667, 0.4847380743342113,4349659,739473,5089132,739473,0,739473, 0.8546956534041561,10.8775,12026297,41605217,78578867
redis_anonymized_trace_1.txt, HierarchicalCache,5000,95000,3975676,1113456,5089132,1113456,5089132, 0.7812090549036653,372739,740717,1113456,737487,372739, 0.3347586253969623,4348415,740717,5089132,740717,0,740717, 0.8544512109334166,12.5131,11069953,40698633,77734483
redis_anonymized_trace_1.txt, HierarchicalCache,10000,90000,4085854,1003278,5089132,1003278,5089132, 0.8028587193258103,261505,741773,1003278,734731,261505, 0.26065058737458613,4347359,741773,5089132,741773,0,741773, 0.8542437099293161,9.6728,10746811,40417731,77506381
redis_anonymized_trace_1.txt, HierarchicalCache,20000,80000,4178808,910324,5089132,910324,5089132,0.821123917,167260,743064,910324,727942,167260, 0.18373677943237793,4346068,743064,5089132,743064,0,743064, 0.8539900320919167,11.1459,10476986,40199546,77352746
redis_anonymized_trace_1.txt, HierarchicalCache,30000,70000,4224661,864471,5089132,864471,5089132,0.830133901,120582,743889,864471,723173,120582, 0.13948646050590477,4345243,743889,5089132,743889,0,743889, 0.8538279219324632,12.2408,10345202,40100762,77295212
redis_anonymized_trace_1.txt, HierarchicalCache,40000,60000,4255568,833564,5089132,833564,5089132, 0.8362070388427731,89874,743690,833564,725769,89874, 0.10781895571305862,4345442,743690,5089132,743690,0,743690,0.853867025,10.6204,10251088,39998688,77183188
redis_anonymized_trace_1.txt, HierarchicalCache,50000,50000,4278816,810316,5089132,810316,5089132, 0.8407752048875918,67479,742837,810316,720897,67479,0.08327492,4346295,742837,5089132,742837,0,742837, 0.8540346369479117,9.8865,10175373,39888853,77030703
redis_anonymized_trace_1.txt, HierarchicalCache,2000,198000,3801062,1288070,5089132,1288070,5089132, 0.7468978992881301,605720,682350,1288070,681309,605720, 0.4702539458259256,4406782,682350,5089132,682350,0,682350, 0.8659201608447177,11.4086,11185226,38479226,72596726
redis_anonymized_trace_1.txt, HierarchicalCache,10000,190000,4085854,1003278,5089132,1003278,5089132, 0.8028587193258103,319871,683407,1003278,676885,319871,0.318825889,4405725,683407,5089132,683407,0,683407, 0.8657124633434542,12.8573,10338249,37674529,71844879
redis_anonymized_trace_1.txt, HierarchicalCache,20000,180000,4178808,910324,5089132,910324,5089132,0.821123917,226060,684264,910324,669937,226060, 0.24832916631880517,4404868,684264,5089132,684264,0,684264, 0.8655440652747856,10.0985,10065386,37435946,71649146
redis_anonymized_trace_1.txt, HierarchicalCache,40000,160000,4255568,833564,5089132,833564,5089132, 0.8362070388427731,148036,685528,833564,654823,148036, 0.17759404196918294,4403604,685528,5089132,685528,0,685528, 0.8652956928607864,12.7533,9843954,37265074,71541474
redis_anonymized_trace_1.txt, HierarchicalCache,60000,140000,4297621,791511,5089132,791511,5089132, 0.8444703340373172,105497,686014,791511,638271,105497, 0.13328557657442539,4403118,686014,5089132,686014,0,686014, 0.8652001952395811,9.4576,9721197,37161757,71462457
redis_anonymized_trace_1.txt, HierarchicalCache,80000,120000,4329151,759981,5089132,759981,5089132, 0.8506658895858862,74234,685747,759981,623789,74234,0.097678758,4403385,685747,5089132,685747,0,685747, 0.8652526599820952,12.7476,9624738,37054618,71341968
redis_anonymized_trace_1.txt, HierarchicalCache,100000,100000,4350140,738992,5089132,738992,5089132, 0.8547901685395466,53725,685267,738992,603244,53725,0.072700381,4403865,685267,5089132,685267,0,685267, 0.8653469786203227,9.1462,9558411,36969091,71232441
redis_anonymized_trace_1.txt, HierarchicalCache,3000,297000,3880584,1208548,5089132,1208548,5089132, 0.7625237466821454,554778,653770,1208548,652126,554778, 0.4590450689587836,4435362,653770,5089132,653770,0,653770, 0.8715360497625135,11.5234,10746600,36897400,69585900
redis_anonymized_trace_1.txt, HierarchicalCache,15000,285000,4141954,947178,5089132,947178,5089132, 0.8138822101686496,292769,654409,947178,644487,292769, 0.30909607275506823,4434723,654409,5089132,654409,0,654409, 0.8714104880753731,13.6426,9966963,36143323,68863773
redis_anonymized_trace_1.txt, HierarchicalCache,30000,270000,4224661,864471,5089132,864471,5089132,0.830133901,209383,655088,864471,633567,209383, 0.24220939742339534,4434044,655088,5089132,655088,0,655088, 0.8712770665017139,13.8184,9723595,35927115,68681515
redis_anonymized_trace_1.txt, HierarchicalCache,60000,240000,4297621,791511,5089132,791511,5089132, 0.8444703340373172,135661,655850,791511,608191,135661, 0.17139496482045102,4433282,655850,5089132,655850,0,655850, 0.8711273356635277,9.4943,9510049,35744049,68536549
redis_anonymized_trace_1.txt, HierarchicalCache,90000,210000,4340198,748934,5089132,748934,5089132, 0.8528365937452596,92734,656200,748934,579260,92734, 0.12382132470952047,4432932,656200,5089132,656200,0,656200, 0.8710585616564868,14.7494,9384768,35632768,68442768
redis_anonymized_trace_1.txt, HierarchicalCache,120000,180000,4366501,722631,5089132,722631,5089132, 0.8580050586229636,66487,656144,722631,551240,66487,0.092006847,4432988,656144,5089132,656144,0,656144, 0.8710695654976134,9.6045,9305467,35551227,68358427
redis_anonymized_trace_1.txt, HierarchicalCache,150000,150000,4385865,703267,5089132,703267,5089132, 0.8618100296867914,47436,655831,703267,521827,47436,0.067450911,4433301,655831,5089132,655831,0,655831, 0.8711310691096242,10.9069,9245184,35478424,68269974
redis_anonymized_trace_1.txt, HierarchicalCache,4000,396000,3935671,1153461,5089132,1153461,5089132,0.773348186,511259,642202,1153461,640030,511259, 0.44323908654042055,4446930,642202,5089132,642202,0,642202, 0.8738091289437964,23.6699,10500363,36188443,68298543
redis_anonymized_trace_1.txt, HierarchicalCache,20000,380000,4178808,910324,5089132,910324,5089132,0.821123917,267746,642578,910324,629314,267746, 0.2941216533893427,4446554,642578,5089132,642578,0,642578, 0.8737352460105181,13.4972,9773584,35476704,67605604
redis_anonymized_trace_1.txt, HierarchicalCache,40000,360000,4255568,833564,5089132,833564,5089132, 0.8362070388427731,190618,642946,833564,614436,190618,0.228678302,4446186,642946,5089132,642946,0,642946, 0.8736629350545437,18.7544,9545880,35263720,67411020
redis_anonymized_trace_1.txt, HierarchicalCache,80000,320000,4329151,759981,5089132,759981,5089132, 0.8506658895858862,116821,643160,759981,577250,116821, 0.15371568499738808,4445972,643160,5089132,643160,0,643160, 0.8736208846616672,11.5462,9326629,35053029,67211029
redis_anonymized_trace_1.txt, HierarchicalCache,120000,280000,4366501,722631,5089132,722631,5089132, 0.8580050586229636,79260,643371,722631,538397,79260, 0.1096825350697659,4445761,643371,5089132,643371,0,643371, 0.8735794237602797,16.6777,9216056,34950896,67119446
redis_anonymized_trace_1.txt, HierarchicalCache,160000,240000,4390445,698687,5089132,698687,5089132, 0.8627099866932121,55240,643447,698687,500387,55240,0.079062585,4445685,643447,5089132,643447,0,643447, 0.8735644899758938,11.867,9144756,34882636,67054986
redis_anonymized_trace_1.txt, HierarchicalCache,200000,200000,4407163,681969,5089132,681969,5089132, 0.8659950262638108,38656,643313,681969,461105,38656,0.056682928,4445819,643313,5089132,643313,0,643313, 0.8735908205957322,23.2771,9093664,34826184,66991834
redis_anonymized_trace_1.txt, HierarchicalCache,5000,495000,3975676,1113456,5089132,1113456,5089132, 0.7812090549036653,476886,636570,1113456,633812,476886,0.428293529,4452562,636570,5089132,636570,0,636570, 0.8749158009656657,13.0301,10340924,35803724,67632224
redis_anonymized_trace_1.txt, HierarchicalCache,25000,475000,4204743,884389,5089132,884389,5089132, 0.8262200705346217,247658,636731,884389,620039,247658, 0.2800328814582723,4452401,636731,5089132,636731,0,636731, 0.8748841649224268,18.4887,9654850,35124090,66960640
redis_anonymized_trace_1.txt, HierarchicalCache,50000,450000,4278816,810316,5089132,810316,5089132, 0.8407752048875918,173401,636915,810316,600704,173401,0.213991825,4452217,636915,5089132,636915,0,636915, 0.8748480094444396,10.5692,9433919,34910519,66756269
redis_anonymized_trace_1.txt, HierarchicalCache,100000,400000,4350140,738992,5089132,738992,5089132, 0.8547901685395466,101950,637042,738992,552838,101950, 0.13795819169896292,4452090,637042,5089132,637042,0,637042, 0.8748230543047419,9.7694,9220836,34702516,66554616
redis_anonymized_trace_1.txt, HierarchicalCache,150000,350000,4385865,703267,5089132,703267,5089132, 0.8618100296867914,66130,637137,703267,505211,66130,0.094032565,4451995,637137,5089132,637137,0,637137, 0.8748043870742594,16.0488,9114326,34599806,66456656
redis_anonymized_trace_1.txt, HierarchicalCache,200000,300000,4407163,681969,5089132,681969,5089132, 0.8659950262638108,44810,637159,681969,457143,44810,0.065706799,4451973,637159,5089132,637159,0,637159,0.874800064,8.4129,9050586,34536946,66394896
redis_anonymized_trace_1.txt, HierarchicalCache,250000,250000,4424800,664332,5089132,664332,5089132, 0.8694606467271826,27278,637054,664332,406593,27278, 0.041060794903752945,4452078,637054,5089132,637054,0,637054, 0.8748206963387862,8.2804,8996940,34479100,66331800
redis_anonymized_trace_1.txt, HierarchicalCache,6000,594000,4006657,1082475,5089132,1082475,5089132, 0.7872967335097616,447617,634858,1082475,631525,447617, 0.41351255225293887,4454274,634858,5089132,634858,0,634858, 0.8752522041086771,18.1808,10235997,35630317,67373217
redis_anonymized_trace_1.txt, HierarchicalCache,30000,570000,4224661,864471,5089132,864471,5089132,0.830133901,229584,634887,864471,614844,229584, 0.2655774456285983,4454245,634887,5089132,634887,0,634887, 0.8752465056909509,10.0025,9582188,34977668,66722018
redis_anonymized_trace_1.txt, HierarchicalCache,60000,540000,4297621,791511,5089132,791511,5089132, 0.8444703340373172,156588,634923,791511,590585,156588, 0.19783426888571354,4454209,634923,5089132,634923,0,634923, 0.8752394317930837,18.341,9363560,34760480,66506630
redis_anonymized_trace_1.txt, HierarchicalCache,120000,480000,4366501,722631,5089132,722631,5089132, 0.8580050586229636,87695,634936,722631,533267,87695, 0.12135515913377644,4454196,634936,5089132,634936,0,634936, 0.8752368773299651,8.8625,9157011,34554451,66301251
redis_anonymized_trace_1.txt, HierarchicalCache,180000,420000,4399219,689913,5089132,689913,5089132, 0.8644340528011456,54961,634952,689913,475992,54961,0.079663668,4454180,634952,5089132,634952,0,634952, 0.8752337333753575,9.0231,9058969,34457049,66204649
redis_anonymized_trace_1.txt, HierarchicalCache,240000,360000,4421750,667382,5089132,667382,5089132, 0.8688613303801119,32432,634950,667382,416108,32432,0.048595857,4454182,634950,5089132,634950,0,634950, 0.8752341263696835,9.9198,8991362,34389362,66136862
redis_anonymized_trace_1.txt, HierarchicalCache,300000,300000,4435589,653543,5089132,653543,5089132, 0.8715806546185086,18619,634924,653543,352215,18619,0.028489327,4454208,634924,5089132,634924,0,634924, 0.8752392352959208,17.3745,8949663,34346623,66092823
redis_anonymized_trace_1.txt, HierarchicalCache,7000,693000,4031630,1057502,5089132,1057502,5089132, 0.7922038571607103,422747,634755,1057502,630823,422747, 0.39976000045389987,4454377,634755,5089132,634755,0,634755, 0.8752724433164634,9.9582,10160357,35550557,67288307
redis_anonymized_trace_1.txt, HierarchicalCache,35000,665000,4241451,847681,5089132,847681,5089132, 0.8334330883930697,212926,634755,847681,611113,212926, 0.2511864722696392,4454377,634755,5089132,634755,0,634755, 0.8752724433164634,9.3593,9530894,34921094,66658844
redis_anonymized_trace_1.txt, HierarchicalCache,70000,630000,4315000,774132,5089132,774132,5089132, 0.8478852582326416,139377,634755,774132,580942,139377, 0.1800429384136039,4454377,634755,5089132,634755,0,634755, 0.8752724433164634,19.0371,9310247,34700447,66438197
redis_anonymized_trace_1.txt, HierarchicalCache,140000,560000,4380594,708538,5089132,708538,5089132, 0.8607742931407556,73783,634755,708538,514318,73783, 0.10413414665127346,4454377,634755,5089132,634755,0,634755, 0.8752724433164634,8.7335,9113465,34503665,66241415
redis_anonymized_trace_1.txt, HierarchicalCache,210000,490000,4410995,678137,5089132,678137,5089132,0.866748003,43382,634755,678137,446476,43382,0.063972324,4454377,634755,5089132,634755,0,634755, 0.8752724433164634,8.2991,9022262,34412462,66150212
redis_anonymized_trace_1.txt, HierarchicalCache,280000,420000,4432044,657088,5089132,657088,5089132, 0.8708840721757659,22333,634755,657088,373865,22333, 0.033987837245543974,4454377,634755,5089132,634755,0,634755, 0.8752724433164634,8.0907,8959115,34349315,66087065
redis_anonymized_trace_1.txt, HierarchicalCache,350000,350000,4442284,646848,5089132,646848,5089132, 0.8728962031246192,12093,634755,646848,296848,12093,0.018695273,4454377,634755,5089132,634755,0,634755, 0.8752724433164634,7.8715,8928395,34318595,66056345
redis_anonymized_trace_1.txt, HierarchicalCache,8000,792000,4052859,1036273,5089132,1036273,5089132, 0.7963752954334845,401518,634755,1036273,630171,401518, 0.38746353518812127,4454377,634755,5089132,634755,0,634755, 0.8752724433164634,20.34,10096670,35486870,67224620
redis_anonymized_trace_1.txt, HierarchicalCache,40000,760000,4255568,833564,5089132,833564,5089132, 0.8362070388427731,198809,634755,833564,607349,198809, 0.2385047818763766,4454377,634755,5089132,634755,0,634755, 0.8752724433164634,9.4902,9488543,34878743,66616493
redis_anonymized_trace_1.txt, HierarchicalCache,80000,720000,4329151,759981,5089132,759981,5089132, 0.8506658895858862,125226,634755,759981,571448,125226, 0.1647751720108792,4454377,634755,5089132,634755,0,634755, 0.8752724433164634,8.8063,9267794,34657994,66395744
redis_anonymized_trace_1.txt, HierarchicalCache,160000,640000,4390445,698687,5089132,698687,5089132, 0.8627099866932121,63932,634755,698687,495396,63932,0.091503062,4454377,634755,5089132,634755,0,634755, 0.8752724433164634,8.9913,9083912,34474112,66211862
redis_anonymized_trace_1.txt, HierarchicalCache,240000,560000,4421750,667382,5089132,667382,5089132, 0.8688613303801119,32627,634755,667382,416075,32627,0.048888043,4454377,634755,5089132,634755,0,634755, 0.8752724433164634,22.3945,8989997,34380197,66117947
redis_anonymized_trace_1.txt, HierarchicalCache,320000,480000,4438563,650569,5089132,650569,5089132, 0.8721650371811932,15814,634755,650569,330199,15814, 0.024307951962051683,4454377,634755,5089132,634755,0,634755, 0.8752724433164634,8.9364,8939558,34329758,66067508
redis_anonymized_trace_1.txt, HierarchicalCache,400000,400000,4447093,642039,5089132,642039,5089132, 0.8738411579813611,7284,634755,642039,242039,7284, 0.011345105203889483,4454377,634755,5089132,634755,0,634755, 0.8752724433164634,7.8317,8913968,34304168,66041918
redis_anonymized_trace_1.txt, HierarchicalCache,9000,891000,4070743,1018389,5089132,1018389,5089132, 0.7998894506961108,383634,634755,1018389,629533,383634, 0.37670673976250724,4454377,634755,5089132,634755,0,634755, 0.8752724433164634,10.0458,10043018,35433218,67170968
redis_anonymized_trace_1.txt, HierarchicalCache,45000,855000,4267958,821174,5089132,821174,5089132, 0.8386416386920206,186419,634755,821174,603399,186419, 0.22701522454437184,4454377,634755,5089132,634755,0,634755, 0.8752724433164634,9.3738,9451373,34841573,66579323
redis_anonymized_trace_1.txt, HierarchicalCache,90000,810000,4340198,748934,5089132,748934,5089132, 0.8528365937452596,114179,634755,748934,561790,114179, 0.1524553565467718,4454377,634755,5089132,634755,0,634755, 0.8752724433164634,9.2202,9234653,34624853,66362603
redis_anonymized_trace_1.txt, HierarchicalCache,180000,720000,4399219,689913,5089132,689913,5089132, 0.8644340528011456,55158,634755,689913,475986,55158,0.079949211,4454377,634755,5089132,634755,0,634755, 0.8752724433164634,25.7974,9057590,34447790,66185540
redis_anonymized_trace_1.txt, HierarchicalCache,270000,630000,4429874,659258,5089132,659258,5089132, 0.8704576733321124,24503,634755,659258,384516,24503, 0.037167542904295435,4454377,634755,5089132,634755,0,634755, 0.8752724433164634,7.8615,8965625,34355825,66093575
redis_anonymized_trace_1.txt, HierarchicalCache,360000,540000,4443418,645714,5089132,645714,5089132, 0.8731190309074317,10959,634755,645714,285714,10959,0.01697191,4454377,634755,5089132,634755,0,634755, 0.8752724433164634,8.3834,8924993,34315193,66052943
redis_anonymized_trace_1.txt, HierarchicalCache,450000,450000,4450355,638777,5089132,638777,5089132, 0.8744821317269821,4022,634755,638777,188777,4022,0.006296407,4454377,634755,5089132,634755,0,634755, 0.8752724433164634,7.7672,8904182,34294382,66032132
redis_anonymized_trace_1.txt, HierarchicalCache,10000,990000,4085854,1003278,5089132,1003278,5089132, 0.8028587193258103,368523,634755,1003278,628916,368523, 0.3673189285522059,4454377,634755,5089132,634755,0,634755, 0.8752724433164634,21.0836,9997685,35387885,67125635
redis_anonymized_trace_1.txt, HierarchicalCache,50000,950000,4278816,810316,5089132,810316,5089132, 0.8407752048875918,175561,634755,810316,599293,175561, 0.21665745215446813,4454377,634755,5089132,634755,0,634755, 0.8752724433164634,18.5423,9418799,34808999,66546749
redis_anonymized_trace_1.txt, HierarchicalCache,100000,900000,4350140,738992,5089132,738992,5089132, 0.8547901685395466,104237,634755,738992,552190,104237, 0.14105294779916427,4454377,634755,5089132,634755,0,634755, 0.8752724433164634,28.3312,9204827,34595027,66332777
redis_anonymized_trace_1.txt, HierarchicalCache,200000,800000,4407163,681969,5089132,681969,5089132, 0.8659950262638108,47214,634755,681969,456384,47214,0.069231886,4454377,634755,5089132,634755,0,634755, 0.8752724433164634,12.989,9033758,34423958,66161708
redis_anonymized_trace_1.txt, HierarchicalCache,300000,700000,4435589,653543,5089132,653543,5089132, 0.8715806546185086,18788,634755,653543,352193,18788, 0.028747917122515274,4454377,634755,5089132,634755,0,634755, 0.8752724433164634,12.5327,8948480,34338680,66076430
redis_anonymized_trace_1.txt, HierarchicalCache,400000,600000,4447093,642039,5089132,642039,5089132, 0.8738411579813611,7284,634755,642039,242039,7284, 0.011345105203889483,4454377,634755,5089132,634755,0,634755, 0.8752724433164634,10.6086,8913968,34304168,66041918
redis_anonymized_trace_1.txt, HierarchicalCache,500000,500000,4452650,636482,5089132,636482,5089132, 0.8749330927160074,1727,634755,636482,136482,1727,0.002713352,4454377,634755,5089132,634755,0,634755, 0.8752724433164634,9.9278,8897297,34287497,66025247
redis_anonymized_trace_2.txt, HierarchicalCache,10,990,689470,1699686,2389156,1699686,2389156,0.288583081,57048,1642638,1699686,1642628,57048,0.033563846,746518,1642638,2389156,1642638,0,1642638, 0.3124609694804358,8.2029,17792102,83497622,165629522
redis_anonymized_trace_2.txt, HierarchicalCache,50,950,711038,1678118,2389156,1678118,2389156,0.297610537,35459,1642659,1678118,1642609,35459,0.021130218,746497,1642659,2389156,1642659,0,1642659, 0.3124521797655741,9.5871,17727545,83433905,165566855
redis_anonymized_trace_2.txt, HierarchicalCache,100,900,716368,1672788,2389156,1672788,2389156, 0.29984145028620984,30110,1642678,1672788,1642578,30110, 0.017999890003993334,746478,1642678,2389156,1642678,0,1642678, 0.31244422716641357,10.1347,17711688,83418808,165552708
redis_anonymized_trace_2.txt, HierarchicalCache,200,800,723203,1665953,2389156,1665953,2389156, 0.3027022931947516,23238,1642715,1665953,1642518,23238, 0.013948772864540597,746441,1642715,2389156,1642715,0,1642715, 0.31242874052594305,9.0605,17691442,83400042,165535792
redis_anonymized_trace_2.txt, HierarchicalCache,300,700,727165,1661991,2389156,1661991,2389156, 0.30436061939864956,19249,1642742,1661991,1642447,19249, 0.011581891839366159,746414,1642742,2389156,1642742,0,1642742, 0.3124174394639781,6.276,17679745,83389425,165526525
redis_anonymized_trace_2.txt, HierarchicalCache,400,600,730486,1658670,2389156,1658670,2389156, 0.3057506500203419,15905,1642765,1658670,1642530,15905,0.009589008,746391,1642765,2389156,1642765,0,1642765, 0.3124078126334153,6.9978,17669943,83380543,165518793
redis_anonymized_trace_2.txt, HierarchicalCache,500,500,733579,1655577,2389156,1655577,2389156, 0.30704524945210776,12805,1642772,1655577,1647765,12805,0.007734464,746384,1642772,2389156,1642772,0,1642772, 0.31240488272846145,6.8713,17660713,83371593,165510193
redis_anonymized_trace_2.txt, HierarchicalCache,20,1980,704507,1684649,2389156,1684649,2389156, 0.2948769356207799,60063,1624586,1684649,1624566,60063, 0.035653124181951254,764570,1624586,2389156,1624586,0,1624586, 0.32001677579865023,6.5141,17620627,82604067,163833367
redis_anonymized_trace_2.txt, HierarchicalCache,100,1900,716368,1672788,2389156,1672788,2389156, 0.29984145028620984,48152,1624636,1672788,1624536,48152, 0.028785476701171937,764520,1624636,2389156,1624636,0,1624636, 0.3199958479061225,6.6504,17585394,82570834,163802634
redis_anonymized_trace_2.txt, HierarchicalCache,200,1800,723203,1665953,2389156,1665953,2389156, 0.3027022931947516,41287,1624666,1665953,1624471,41287, 0.024782812000098443,764490,1624666,2389156,1624666,0,1624666, 0.31998329117060587,6.4381,17565099,82551739,163785039
redis_anonymized_trace_2.txt, HierarchicalCache,400,1600,730486,1658670,2389156,1658670,2389156, 0.3057506500203419,33929,1624741,1658670,1624345,33929, 0.020455545708308463,764415,1624741,2389156,1624741,0,1624741, 0.3199518993318142,6.4985,17543775,82533415,163770465
redis_anonymized_trace_2.txt, HierarchicalCache,600,1400,736495,1652661,2389156,1652661,2389156, 0.30826576414432544,27878,1624783,1652661,1624199,27878,0.016868553,764373,1624783,2389156,1624783,0,1624783, 0.3199343199020909,6.5903,17526042,82517362,163756512
redis_anonymized_trace_2.txt, HierarchicalCache,800,1200,741696,1647460,2389156,1647460,2389156, 0.3104426835250607,22664,1624796,1647460,1624427,22664, 0.013756934917994974,764360,1624796,2389156,1624796,0,1624796, 0.3199288786500337,6.5949,17510530,82502370,163742170
redis_anonymized_trace_2.txt, HierarchicalCache,1000,1000,746531,1642625,2389156,1642625,2389156,0.312466411,17832,1624793,1642625,1630710,17832, 0.010855794840575299,764363,1624793,2389156,1624793,0,1624793, 0.3199301343235854,6.5929,17496004,82487724,163727374
redis_anonymized_trace_2.txt, HierarchicalCache,30,2970,707997,1681159,2389156,1681159,2389156,0.296337703,71330,1609829,1681159,1609799,71330,0.042429062,779327,1609829,2389156,1609829,0,1609829, 0.3261934339992868,6.5995,17506858,81900018,162391468
redis_anonymized_trace_2.txt, HierarchicalCache,150,2850,720258,1668898,2389156,1668898,2389156, 0.30146964032486784,59001,1609897,1668898,1609749,59001,0.035353269,779259,1609897,2389156,1609897,0,1609897, 0.32616497206544903,6.6294,17470551,81866431,162361281
redis_anonymized_trace_2.txt, HierarchicalCache,300,2700,727165,1661991,2389156,1661991,2389156, 0.30436061939864956,52027,1609964,1661991,1609670,52027,0.03130402,779192,1609964,2389156,1609964,0,1609964, 0.32613692868946187,6.5325,17450299,81848859,162347059
redis_anonymized_trace_2.txt, HierarchicalCache,600,2400,736495,1652661,2389156,1652661,2389156, 0.30826576414432544,42607,1610054,1652661,1609462,42607, 0.025780846767727926,779102,1610054,2389156,1610054,0,1610054, 0.32609925848291194,6.6742,17422939,81825099,162327799
redis_anonymized_trace_2.txt, HierarchicalCache,900,2100,744116,1645040,2389156,1645040,2389156, 0.31145559352340324,34925,1610115,1645040,1609242,34925, 0.021230486796673637,779041,1610115,2389156,1610115,0,1610115, 0.3260737264540281,6.4475,17400503,81805103,162310853
redis_anonymized_trace_2.txt, HierarchicalCache,1200,1800,750696,1638460,2389156,1638460,2389156, 0.31420970418005356,28334,1610126,1638460,1609631,28334, 0.017293067880814913,779030,1610126,2389156,1610126,0,1610126,0.326069122,6.5497,17380840,81785880,162292180
redis_anonymized_trace_2.txt, HierarchicalCache,1500,1500,756399,1632757,2389156,1632757,2389156, 0.3165967396017673,22628,1610129,1632757,1617823,22628, 0.013858767716200267,779027,1610129,2389156,1610129,0,1610129, 0.32606786664412035,6.4355,17363752,81768912,162275362
redis_anonymized_trace_2.txt, HierarchicalCache,40,3960,709696,1679460,2389156,1679460,2389156, 0.2970488323073085,81950,1597510,1679460,1597470,81950, 0.048795446155311825,791646,1597510,2389156,1597510,0,1597510, 0.33134964816027085,6.7156,17415528,81315928,161191428
redis_anonymized_trace_2.txt, HierarchicalCache,200,3800,723203,1665953,2389156,1665953,2389156, 0.3027022931947516,68351,1597602,1665953,1597409,68351, 0.041028168261649636,791554,1597602,2389156,1597602,0,1597602, 0.33131114083801977,6.5161,17375651,81279731,161159831
redis_anonymized_trace_2.txt, HierarchicalCache,400,3600,730486,1658670,2389156,1658670,2389156, 0.3057506500203419,60982,1597688,1658670,1597296,60982,0.036765601,791468,1597688,2389156,1597688,0,1597688, 0.3312751448628721,6.6975,17354404,81261924,161146324
redis_anonymized_trace_2.txt, HierarchicalCache,800,3200,741696,1647460,2389156,1647460,2389156, 0.3104426835250607,49647,1597813,1647460,1597023,49647, 0.030135481286343826,791343,1597813,2389156,1597813,0,1597813, 0.3312228251315527,6.7166,17321649,81234169,161124819
redis_anonymized_trace_2.txt, HierarchicalCache,1200,2800,750696,1638460,2389156,1638460,2389156, 0.31420970418005356,40570,1597890,1638460,1596730,40570,0.024761056,791266,1597890,2389156,1597890,0,1597890, 0.33119059617706004,6.6298,17295188,81210788,161105288
redis_anonymized_trace_2.txt, HierarchicalCache,1600,2400,758113,1631043,2389156,1631043,2389156, 0.3173141477576182,33109,1597934,1631043,1597310,33109,0.020299281,791222,1597934,2389156,1597934,0,1597934, 0.3311721796316356,6.6666,17273245,81190605,161087305
redis_anonymized_trace_2.txt, HierarchicalCache,2000,2000,764583,1624573,2389156,1624573,2389156, 0.32002221705070744,26642,1597931,1624573,1607199,26642, 0.016399386177167786,791225,1597931,2389156,1597931,0,1597931, 0.3311734353051873,6.5909,17253814,81171054,161067604
redis_anonymized_trace_2.txt, HierarchicalCache,50,4950,711038,1678118,2389156,1678118,2389156,0.297610537,91278,1586840,1678118,1586791,91278,0.054393076,802316,1586840,2389156,1586840,0,1586840, 0.33581566042569005,6.6211,17336812,80810412,160152412
redis_anonymized_trace_2.txt, HierarchicalCache,250,4750,725345,1663811,2389156,1663811,2389156, 0.3035988441106399,76862,1586949,1663811,1586708,76862, 0.046196352830940535,802207,1586949,2389156,1586949,0,1586949, 0.3357700376199796,6.8215,17294654,80772614,160120064
redis_anonymized_trace_2.txt, HierarchicalCache,500,4500,733579,1655577,2389156,1655577,2389156, 0.30704524945210776,68528,1587049,1655577,1586558,68528,0.041392216,802107,1587049,2389156,1587049,0,1587049, 0.33572818183492414,7.2192,17270652,80752612,160105062
redis_anonymized_trace_2.txt, HierarchicalCache,1000,4000,746531,1642625,2389156,1642625,2389156,0.312466411,55425,1587200,1642625,1586216,55425,0.033741724,801956,1587200,2389156,1587200,0,1587200, 0.3356649795994904,6.6094,17232853,80720853,160080853
redis_anonymized_trace_2.txt, HierarchicalCache,1500,3500,756399,1632757,2389156,1632757,2389156, 0.3165967396017673,45447,1587310,1632757,1585888,45447, 0.027834515485157925,801846,1587310,2389156,1587310,0,1587310, 0.33561893823592936,6.6072,17204019,80696419,160061919
redis_anonymized_trace_2.txt, HierarchicalCache,2000,3000,764583,1624573,2389156,1624573,2389156, 0.32002221705070744,37210,1587363,1624573,1586533,37210, 0.022904480131086754,801793,1587363,2389156,1587363,0,1587363, 0.33559675466984995,6.7086,17179838,80674358,160042508
redis_anonymized_trace_2.txt, HierarchicalCache,2500,2500,772302,1616854,2389156,1616854,2389156, 0.3232530650991396,29496,1587358,1616854,1596657,29496, 0.018242834541646928,801798,1587358,2389156,1587358,0,1587358, 0.33559884745910273,6.6696,17156646,80650966,160018866
redis_anonymized_trace_2.txt, HierarchicalCache,60,5940,712246,1676910,2389156,1676910,2389156, 0.29811615482622317,99181,1577729,1676910,1577672,99181, 0.059145094250734984,811427,1577729,2389156,1577729,0,1577729, 0.33962914100209446,6.641,17269411,80378571,159265021
redis_anonymized_trace_2.txt, HierarchicalCache,300,5700,727165,1661991,2389156,1661991,2389156, 0.30436061939864956,84161,1577830,1661991,1577540,84161, 0.050638661701537496,811326,1577830,2389156,1577830,0,1577830, 0.3395868666591884,6.6472,17225361,80338561,159230061
redis_anonymized_trace_2.txt, HierarchicalCache,600,5400,736495,1652661,2389156,1652661,2389156, 0.30826576414432544,74728,1577933,1652661,1577349,74728,0.045216775,811223,1577933,2389156,1577933,0,1577933, 0.3395437552005813,6.7666,17198092,80315412,159212062
redis_anonymized_trace_2.txt, HierarchicalCache,1200,4800,750696,1638460,2389156,1638460,2389156, 0.31420970418005356,60378,1578082,1638460,1576916,60378,0.036850457,811074,1578082,2389156,1578082,0,1578082, 0.33948139008084866,6.7109,17156532,80279812,159183912
redis_anonymized_trace_2.txt, HierarchicalCache,1800,4200,761490,1627666,2389156,1627666,2389156, 0.3187276176189416,49458,1578208,1627666,1576531,49458, 0.030385840829752542,810948,1578208,2389156,1578208,0,1578208, 0.33942865179167875,6.7102,17125032,80253352,159163752
redis_anonymized_trace_2.txt, HierarchicalCache,2400,3600,770824,1618332,2389156,1618332,2389156, 0.3226344365960197,40072,1578260,1618332,1577300,40072, 0.024761297434642584,810896,1578260,2389156,1578260,0,1578260, 0.3394068867834499,7.3714,17097394,80227794,159140794
redis_anonymized_trace_2.txt, HierarchicalCache,3000,3000,779352,1609804,2389156,1609804,2389156, 0.32620389794555066,31558,1578246,1609804,1587784,31558,0.019603629,810910,1578246,2389156,1578246,0,1578246, 0.33941274659335763,6.7641,17071712,80201552,159113852
redis_anonymized_trace_2.txt, HierarchicalCache,70,6930,713399,1675757,2389156,1675757,2389156, 0.2985987520279128,105196,1570561,1675757,1570497,105196,0.062775211,818595,1570561,2389156,1570561,0,1570561, 0.34262936367487096,6.6889,17215776,80038216,158566266
redis_anonymized_trace_2.txt, HierarchicalCache,350,6650,728874,1660282,2389156,1660282,2389156, 0.30507593476524764,89617,1570665,1660282,1570329,89617,0.053976975,818491,1570665,2389156,1570665,0,1570665, 0.3425858336584133,6.7132,17170079,79996679,158529929
redis_anonymized_trace_2.txt, HierarchicalCache,700,6300,739260,1649896,2389156,1649896,2389156, 0.30942307660110935,79127,1570769,1649896,1570091,79127,0.04795878,818387,1570769,2389156,1570769,0,1570769, 0.3425423036419556,6.7231,17139649,79970409,158508859
redis_anonymized_trace_2.txt, HierarchicalCache,1400,5600,754511,1634645,2389156,1634645,2389156, 0.3158065023799199,63733,1570912,1634645,1569558,63733, 0.038988893612986304,818244,1570912,2389156,1570912,0,1570912, 0.34248244986932624,6.7738,17094897,79931377,158476977
redis_anonymized_trace_2.txt, HierarchicalCache,2100,4900,766180,1622976,2389156,1622976,2389156, 0.3206906539380434,51986,1570990,1622976,1569035,51986,0.032031281,818166,1570990,2389156,1570990,0,1570990, 0.34244980235698297,6.7729,17060436,79900036,158449536
redis_anonymized_trace_2.txt, HierarchicalCache,2800,4200,776674,1612482,2389156,1612482,2389156,0.325083,41452,1571030,1612482,1569846,41452,0.025706954,818126,1571030,2389156,1571030,0,1571030, 0.34243306004296076,6.7159,17029234,79870434,158421934
redis_anonymized_trace_2.txt, HierarchicalCache,3500,3500,785544,1603612,2389156,1603612,2389156, 0.3287956081561857,32599,1571013,1603612,1579238,32599,0.020328483,818143,1571013,2389156,1571013,0,1571013, 0.3424401755264202,6.6477,17002505,79843025,158393675
redis_anonymized_trace_2.txt, HierarchicalCache,80,7920,714483,1674673,2389156,1674673,2389156, 0.29905246873791413,110579,1564094,1674673,1564021,110579,0.066030204,825062,1564094,2389156,1564094,0,1564094, 0.3453361772944086,6.679,17167255,79731015,157935715
redis_anonymized_trace_2.txt, HierarchicalCache,400,7600,730486,1658670,2389156,1658670,2389156, 0.3057506500203419,94455,1564215,1658670,1563830,94455,0.056946228,824941,1564215,2389156,1564215,0,1564215, 0.34528553179449145,6.6553,17120093,79688693,157899443
redis_anonymized_trace_2.txt, HierarchicalCache,800,7200,741696,1647460,2389156,1647460,2389156, 0.3104426835250607,83128,1564332,1647460,1563554,83128,0.050458281,824824,1564332,2389156,1564332,0,1564332, 0.3452365605259765,6.6736,17087282,79660562,157877162
redis_anonymized_trace_2.txt, HierarchicalCache,1600,6400,758113,1631043,2389156,1631043,2389156, 0.3173141477576182,66528,1564515,1631043,1562986,66528, 0.040788624211624096,824641,1564515,2389156,1564515,0,1564515,0.345159964,6.6831,17039312,79619912,157845662
redis_anonymized_trace_2.txt, HierarchicalCache,2400,5600,770824,1618332,2389156,1618332,2389156, 0.3226344365960197,53713,1564619,1618332,1562387,53713, 0.033190346603787106,824537,1564619,2389156,1564619,0,1564619, 0.3451164344228673,6.6882,17001907,79586667,157817617
redis_anonymized_trace_2.txt, HierarchicalCache,3200,4800,781887,1607269,2389156,1607269,2389156,0.327264942,42608,1564661,1607269,1563212,42608,0.026509564,824495,1564661,2389156,1564661,0,1564661,0.345098855,6.552,16969012,79555452,157788502
redis_anonymized_trace_2.txt, HierarchicalCache,4000,4000,791679,1597477,2389156,1597477,2389156, 0.33136346056933913,32829,1564648,1597477,1571424,32829,0.020550531,824508,1564648,2389156,1564648,0,1564648, 0.3451042962452012,6.6503,16939545,79525465,157757865
redis_anonymized_trace_2.txt, HierarchicalCache,90,8910,715439,1673717,2389156,1673717,2389156, 0.29945261004304446,115561,1558156,1673717,1558073,115561,0.069044528,831000,1558156,2389156,1558156,0,1558156, 0.3478215738110027,6.6373,17122821,79449061,157356861
redis_anonymized_trace_2.txt, HierarchicalCache,450,8550,732039,1657117,2389156,1657117,2389156, 0.30640067036225344,98869,1558248,1657117,1557813,98869,0.059663259,830908,1558248,2389156,1558248,0,1558248, 0.3477830664887517,6.6887,17073665,79403585,157315985
redis_anonymized_trace_2.txt, HierarchicalCache,900,8100,744116,1645040,2389156,1645040,2389156, 0.31145559352340324,86683,1558357,1645040,1557481,86683, 0.052693551524582986,830799,1558357,2389156,1558357,0,1558357, 0.3477374436830412,6.7046,17038197,79372477,157290327
redis_anonymized_trace_2.txt, HierarchicalCache,1800,7200,761490,1627666,2389156,1627666,2389156, 0.3187276176189416,69088,1558578,1627666,1556866,69088,0.042446055,830578,1558578,2389156,1558578,0,1558578, 0.3476449423980686,6.658,16987622,79330742,157259642
redis_anonymized_trace_2.txt, HierarchicalCache,2700,6300,775197,1613959,2389156,1613959,2389156, 0.32446479007649565,55266,1558693,1613959,1556191,55266,0.034242506,830463,1558693,2389156,1558693,0,1558693, 0.3475968082452548,6.6166,16947306,79295026,157229676
redis_anonymized_trace_2.txt, HierarchicalCache,3600,5400,786764,1602392,2389156,1602392,2389156, 0.3293062487338625,43663,1558729,1602392,1557076,43663, 0.027248638285762784,830427,1558729,2389156,1558729,0,1558729, 0.3475817401626348,6.6105,16912857,79262017,157198467
redis_anonymized_trace_2.txt, HierarchicalCache,4500,4500,797125,1592031,2389156,1592031,2389156, 0.33364292662346035,33323,1558708,1592031,1564479,33323, 0.020931125084875858,830448,1558708,2389156,1558708,0,1558708, 0.3475905298774965,6.5935,16881627,79229947,157165347
redis_anonymized_trace_2.txt, HierarchicalCache,100,9900,716368,1672788,2389156,1672788,2389156, 0.29984145028620984,119884,1552904,1672788,1552811,119884,0.071667181,836252,1552904,2389156,1552904,0,1552904, 0.3500198396421163,6.6732,17083270,79199430,156844630
redis_anonymized_trace_2.txt, HierarchicalCache,500,9500,733579,1655577,2389156,1655577,2389156, 0.30704524945210776,102562,1553015,1655577,1552531,102562, 0.061949398910470486,836141,1553015,2389156,1553015,0,1553015, 0.3499733797207047,6.7171,17032414,79153014,156803764
redis_anonymized_trace_2.txt, HierarchicalCache,1000,9000,746531,1642625,2389156,1642625,2389156,0.312466411,89495,1553130,1642625,1552158,89495, 0.054482916064226464,836026,1553130,2389156,1553130,0,1553130, 0.3499252455678909,6.6725,16994363,79119563,156776063
redis_anonymized_trace_2.txt, HierarchicalCache,2000,8000,764583,1624573,2389156,1624573,2389156, 0.32002221705070744,71237,1553336,1624573,1551440,71237,0.043849676,835820,1553336,2389156,1553336,0,1553336, 0.3498390226506766,6.7219,16941649,79075089,156741889
redis_anonymized_trace_2.txt, HierarchicalCache,3000,7000,779352,1609804,2389156,1609804,2389156, 0.32620389794555066,56362,1553442,1609804,1550653,56362, 0.035011715711974874,835714,1553442,2389156,1553442,0,1553442, 0.34979465551851785,6.6373,16898084,79035764,156707864
redis_anonymized_trace_2.txt, HierarchicalCache,4000,6000,791679,1597477,2389156,1597477,2389156, 0.33136346056933913,44014,1553463,1597477,1551550,44014,0.027552196,835693,1553463,2389156,1553463,0,1553463, 0.34978586580365617,6.5926,16861250,78999770,156672920
redis_anonymized_trace_2.txt, HierarchicalCache,5000,5000,802347,1586809,2389156,1586809,2389156, 0.3358286357190573,33380,1553429,1586809,1558938,33380,0.021035928,835727,1553429,2389156,1553429,0,1553429, 0.34980009677057505,6.6106,16829008,78966168,156637618
redis_anonymized_trace_2.txt, HierarchicalCache,200,19800,723203,1665953,2389156,1665953,2389156, 0.3027022931947516,145199,1520754,1665953,1520573,145199,0.087156721,868402,1520754,2389156,1520754,0,1520754, 0.36347647453745174,6.8293,16837715,77667875,153705575
redis_anonymized_trace_2.txt, HierarchicalCache,1000,19000,746531,1642625,2389156,1642625,2389156,0.312466411,121748,1520877,1642625,1519918,121748,0.074117951,868279,1520877,2389156,1520877,0,1520877, 0.3634249919218335,7.0333,16768592,77603672,153647522
redis_anonymized_trace_2.txt, HierarchicalCache,2000,18000,764583,1624573,2389156,1624573,2389156, 0.32002221705070744,103563,1521010,1624573,1519143,103563,0.063747828,868146,1521010,2389156,1521010,0,1521010, 0.3633693237277097,6.7356,16715367,77555767,153606267
redis_anonymized_trace_2.txt, HierarchicalCache,4000,16000,791679,1597477,2389156,1597477,2389156, 0.33136346056933913,76325,1521152,1597477,1517392,76325,0.047778466,868004,1521152,2389156,1521152,0,1521152, 0.36330988851293095,6.8471,16635073,77481153,153538753
redis_anonymized_trace_2.txt, HierarchicalCache,6000,14000,811458,1577698,2389156,1577698,2389156, 0.33964211629546165,56461,1521237,1577698,1515516,56461,0.03578695,867919,1521237,2389156,1521237,0,1521237, 0.3632743110956338,6.9327,16576331,77425811,153487661
redis_anonymized_trace_2.txt, HierarchicalCache,8000,12000,825098,1564058,2389156,1564058,2389156, 0.34535124537702855,42814,1521244,1564058,1515578,42814, 0.027373665170984707,867912,1521244,2389156,1521244,0,1521244, 0.36327138119067987,7.1622,16535460,77385220,153447420
redis_anonymized_trace_2.txt, HierarchicalCache,10000,10000,836307,1552849,2389156,1552849,2389156, 0.3500428603238968,31651,1521198,1552849,1517031,31651,0.020382536,867958,1521198,2389156,1521198,0,1521198, 0.3632906348518054,6.5795,16501511,77349431,153409331
redis_anonymized_trace_2.txt, HierarchicalCache,300,29700,727165,1661991,2389156,1661991,2389156, 0.30436061939864956,157901,1504090,1661991,1503814,157901,0.095007133,885066,1504090,2389156,1504090,0,1504090, 0.3704513225590962,6.9339,16709181,76872781,152077281
redis_anonymized_trace_2.txt, HierarchicalCache,1500,28500,756399,1632757,2389156,1632757,2389156, 0.3165967396017673,128534,1504223,1632757,1502818,128534,0.078722063,884933,1504223,2389156,1504223,0,1504223, 0.3703956543649724,6.9228,16622410,76791330,152002480
redis_anonymized_trace_2.txt, HierarchicalCache,3000,27000,779352,1609804,2389156,1609804,2389156, 0.32620389794555066,105446,1504358,1609804,1501559,105446,0.065502384,884798,1504358,2389156,1504358,0,1504358, 0.37033914905514753,6.9015,16554496,76728816,151946716
redis_anonymized_trace_2.txt, HierarchicalCache,6000,24000,811458,1577698,2389156,1577698,2389156, 0.33964211629546165,73201,1504497,1577698,1498742,73201,0.046397346,884659,1504497,2389156,1504497,0,1504497, 0.3702809695139204,6.9711,16459151,76639031,151863881
redis_anonymized_trace_2.txt, HierarchicalCache,9000,21000,831037,1558119,2389156,1558119,2389156, 0.3478370604514732,53566,1504553,1558119,1495906,53566, 0.034378632184062966,884603,1504553,2389156,1504553,0,1504553, 0.3702575302742893,7.1156,16400806,76582926,151810576
redis_anonymized_trace_2.txt, HierarchicalCache,12000,18000,846210,1542946,2389156,1542946,2389156, 0.3541878387179406,38406,1504540,1542946,1494619,38406, 0.024891344220730992,884616,1504540,2389156,1504540,0,1504540, 0.3702629715263465,6.8357,16355196,76536796,151763796
redis_anonymized_trace_2.txt, HierarchicalCache,15000,15000,856245,1532911,2389156,1532911,2389156, 0.3583880667482575,28428,1504483,1532911,1494546,28428,0.018545108,884673,1504483,2389156,1504483,0,1504483, 0.37028682932382817,7.0435,16324692,76504012,151728162
redis_anonymized_trace_2.txt, HierarchicalCache,400,39600,730486,1658670,2389156,1658670,2389156, 0.3057506500203419,166240,1492430,1658670,1492062,166240, 0.10022487896929468,896726,1492430,2389156,1492430,0,1492430, 0.37533170709656466,7.0334,16617598,76314798,150936298
redis_anonymized_trace_2.txt, HierarchicalCache,2000,38000,764583,1624573,2389156,1624573,2389156, 0.32002221705070744,132006,1492567,1624573,1490737,132006,0.081255813,896589,1492567,2389156,1492567,0,1492567, 0.37527436467103864,7.065,16516266,76218946,150847296
redis_anonymized_trace_2.txt, HierarchicalCache,4000,36000,791679,1597477,2389156,1597477,2389156, 0.33136346056933913,104801,1492676,1597477,1488998,104801,0.065604074,896480,1492676,2389156,1492676,0,1492676, 0.3752287418653282,6.9563,16435741,76142781,150776581
redis_anonymized_trace_2.txt, HierarchicalCache,8000,32000,825098,1564058,2389156,1564058,2389156, 0.34535124537702855,71264,1492794,1564058,1485140,71264,0.045563528,896362,1492794,2389156,1492794,0,1492794, 0.3751793520389627,7.0035,16336310,76048070,150687770
redis_anonymized_trace_2.txt, HierarchicalCache,12000,28000,846210,1542946,2389156,1542946,2389156, 0.3541878387179406,50110,1492836,1542946,1481317,50110,0.032476833,896320,1492836,2389156,1492836,0,1492836, 0.37516177260923944,7.0176,16273268,75986708,150628508
redis_anonymized_trace_2.txt, HierarchicalCache,16000,24000,858999,1530157,2389156,1530157,2389156, 0.35954077506868537,37316,1492841,1530157,1478736,37316, 0.024387040022690484,896315,1492841,2389156,1492841,0,1492841, 0.37515967981998666,6.8884,16234936,75948576,150590626
redis_anonymized_trace_2.txt, HierarchicalCache,20000,20000,868445,1520711,2389156,1520711,2389156, 0.3634944725250256,27907,1492804,1520711,1477786,27907, 0.018351284366326014,896352,1492804,2389156,1492804,0,1492804, 0.3751751664604572,6.8476,16206339,75918499,150558699
redis_anonymized_trace_2.txt, HierarchicalCache,500,49500,733579,1655577,2389156,1655577,2389156, 0.30704524945210776,171672,1483905,1655577,1483449,171672, 0.10369315350479018,905251,1483905,2389156,1483905,0,1483905, 0.3788999127725439,7.0631,16548644,75904844,150100094
redis_anonymized_trace_2.txt, HierarchicalCache,2500,47500,772302,1616854,2389156,1616854,2389156, 0.3232530650991396,132821,1484033,1616854,1481761,132821,0.082147801,905123,1484033,2389156,1484033,0,1484033, 0.3788463373676729,8.2551,16433371,75794691,149996341
redis_anonymized_trace_2.txt, HierarchicalCache,5000,45000,802347,1586809,2389156,1586809,2389156, 0.3358286357190573,102666,1484143,1586809,1479464,102666,0.064699658,905013,1484143,2389156,1484143,0,1484143, 0.3788002960041119,16935.8195,16344006,75709726,149916876
redis_anonymized_trace_2.txt, HierarchicalCache,10000,40000,836307,1552849,2389156,1552849,2389156, 0.3500428603238968,68602,1484247,1552849,1474662,68602,0.044178153,904909,1484247,2389156,1484247,0,1484247, 0.37875676598765423,7.3836,16242854,75612734,149825084
redis_anonymized_trace_2.txt, HierarchicalCache,15000,35000,856245,1532911,2389156,1532911,2389156, 0.3583880667482575,48625,1484286,1532911,1469846,48625, 0.031720693504058615,904870,1484286,2389156,1484286,0,1484286, 0.37874044223148257,6.3066,16183313,75554753,149769053
redis_anonymized_trace_2.txt, HierarchicalCache,20000,30000,868445,1520711,2389156,1520711,2389156, 0.3634944725250256,36424,1484287,1520711,1466115,36424,0.023951954,904869,1484287,2389156,1484287,0,1484287,0.378740024,6.4694,16146720,75518200,149732550
redis_anonymized_trace_2.txt, HierarchicalCache,25000,25000,877685,1511471,2389156,1511471,2389156, 0.36736194706415154,27228,1484243,1511471,1464136,27228, 0.018014239108788722,904913,1484243,2389156,1484243,0,1484243, 0.3787584402190564,6.6089,16118692,75488412,149700562
redis_anonymized_trace_2.txt, HierarchicalCache,600,59400,736495,1652661,2389156,1652661,2389156, 0.30826576414432544,175226,1477435,1652661,1476888,175226, 0.10602658379425665,911721,1477435,2389156,1477435,0,1477435, 0.38160798206563323,6.7105,16494606,75592006,149463756
redis_anonymized_trace_2.txt, HierarchicalCache,3000,57000,779352,1609804,2389156,1609804,2389156, 0.32620389794555066,132242,1477562,1609804,1474823,132242,0.082147889,911594,1477562,2389156,1477562,0,1477562, 0.3815548252186128,7.1759,16366924,75469404,149347504
redis_anonymized_trace_2.txt, HierarchicalCache,6000,54000,811458,1577698,2389156,1577698,2389156, 0.33964211629546165,100049,1477649,1577698,1472020,100049,0.063414544,911507,1477649,2389156,1477649,0,1477649, 0.3815184106856145,6.8066,16271215,75377175,149259625
redis_anonymized_trace_2.txt, HierarchicalCache,12000,48000,846210,1542946,2389156,1542946,2389156, 0.3541878387179406,65199,1477747,1542946,1466222,65199, 0.042256177468297657,911409,1477747,2389156,1477747,0,1477747, 0.38147739201626013,6.645,16167645,75277525,149164875
redis_anonymized_trace_2.txt, HierarchicalCache,18000,42000,863947,1525209,2389156,1525209,2389156, 0.3616117993132303,47420,1477789,1525209,1460444,47420, 0.031090820995679936,911367,1477789,2389156,1477789,0,1477789, 0.38145981258653683,6.5054,16114728,75226288,149115738
redis_anonymized_trace_2.txt, HierarchicalCache,24000,36000,876045,1513111,2389156,1513111,2389156, 0.3666755121892417,35325,1477786,1513111,1455671,35325, 0.023345940912464454,911370,1477786,2389156,1477786,0,1477786, 0.3814610682600885,6.4311,16078413,75189853,149079153
redis_anonymized_trace_2.txt, HierarchicalCache,30000,30000,885105,1504051,2389156,1504051,2389156, 0.3704676463152678,26305,1477746,1504051,1452600,26305,0.017489434,911410,1477746,2389156,1477746,0,1477746, 0.3814778105741107,6.3395,16050953,75160793,149048093
redis_anonymized_trace_2.txt, HierarchicalCache,700,69300,739260,1649896,2389156,1649896,2389156, 0.30942307660110935,177205,1472691,1649896,1472058,177205, 0.10740373938720986,916465,1472691,2389156,1472691,0,1472691, 0.38359362050866497,6.5275,16453103,75360743,148995293
redis_anonymized_trace_2.txt, HierarchicalCache,3500,66500,785544,1603612,2389156,1603612,2389156, 0.3287956081561857,130854,1472758,1603612,1469592,130854,0.081599539,916398,1472758,2389156,1472758,0,1472758, 0.3835655771326778,6.5112,16314720,75225040,148862940
redis_anonymized_trace_2.txt, HierarchicalCache,7000,63000,818635,1570521,2389156,1570521,2389156, 0.34264610598889317,97700,1472821,1570521,1466255,97700,0.062208656,916335,1472821,2389156,1472821,0,1472821, 0.3835392079880929,6.4447,16215888,75128728,148769778
redis_anonymized_trace_2.txt, HierarchicalCache,14000,56000,853067,1536089,2389156,1536089,2389156, 0.3570578898991945,63187,1472902,1536089,1459477,63187,0.041134986,916254,1472902,2389156,1472902,0,1472902, 0.3835053048021979,6.5164,16113159,75029239,148674339
redis_anonymized_trace_2.txt, HierarchicalCache,21000,49000,870454,1518702,2389156,1518702,2389156, 0.36433535524679006,45781,1472921,1518702,1452720,45781, 0.030144821037965314,916235,1472921,2389156,1472921,0,1472921, 0.3834973522030374,3658.4925,16061131,74977971,148624021
redis_anonymized_trace_2.txt, HierarchicalCache,28000,42000,882326,1506830,2389156,1506830,2389156, 0.36930447404857614,33921,1472909,1506830,1446783,33921, 0.022511497647378934,916247,1472909,2389156,1472909,0,1472909, 0.38350237489724404,7.7796,16025431,74941791,148587241
redis_anonymized_trace_2.txt, HierarchicalCache,35000,35000,891395,1497761,2389156,1497761,2389156, 0.37310037519525724,24876,1472885,1497761,1442490,24876,0.016608791,916271,1472885,2389156,1472885,0,1472885, 0.38351242028565735,7.5178,15998056,74913456,148557706
redis_anonymized_trace_2.txt, HierarchicalCache,800,79200,741696,1647460,2389156,1647460,2389156, 0.3104426835250607,178638,1468822,1647460,1468095,178638, 0.10843237468588009,920334,1468822,2389156,1468822,0,1468822, 0.38521302083246134,7.4814,16418712,75171592,148612692
redis_anonymized_trace_2.txt, HierarchicalCache,4000,76000,791679,1597477,2389156,1597477,2389156, 0.33136346056933913,128560,1468917,1597477,1465309,128560,0.080476902,920239,1468917,2389156,1468917,0,1468917, 0.3851732578366586,7.7755,16269428,75026108,148471958
redis_anonymized_trace_2.txt, HierarchicalCache,8000,72000,825098,1564058,2389156,1564058,2389156, 0.34535124537702855,95067,1468991,1564058,1461465,95067, 0.060782272780165444,920165,1468991,2389156,1468991,0,1468991, 0.3851422845557176,17818.727,16169689,74929329,148378879
redis_anonymized_trace_2.txt, HierarchicalCache,16000,64000,858999,1530157,2389156,1530157,2389156, 0.35954077506868537,61087,1469070,1530157,1453741,61087,0.039922047,920086,1469070,2389156,1469070,0,1469070, 0.38510921848552376,7.578,16068539,74831339,148284839
redis_anonymized_trace_2.txt, HierarchicalCache,24000,56000,876045,1513111,2389156,1513111,2389156, 0.3666755121892417,44016,1469095,1513111,1446011,44016, 0.029089736311480124,920061,1469095,2389156,1469095,0,1469095, 0.3850987545392599,7.2386,16017576,74781376,148236126
redis_anonymized_trace_2.txt, HierarchicalCache,32000,48000,887709,1501447,2389156,1501447,2389156, 0.3715575709581124,32352,1469095,1501447,1438976,32352, 0.021547214120778157,920061,1469095,2389156,1469095,0,1469095, 0.3850987545392599,7.1126,15982584,74746384,148201134
redis_anonymized_trace_2.txt, HierarchicalCache,40000,40000,896765,1492391,2389156,1492391,2389156, 0.37534803085273627,23330,1469061,1492391,1433401,23330, 0.015632632466960734,920095,1469061,2389156,1469061,0,1469061, 0.38511298550617873,7.3798,15955178,74717618,148170668
redis_anonymized_trace_2.txt, HierarchicalCache,900,89100,744116,1645040,2389156,1645040,2389156, 0.31145559352340324,179554,1465486,1645040,1464661,179554, 0.10914871370908914,923670,1465486,2389156,1465486,0,1465486,0.38660933,7.2341,16388100,75007540,148281840
redis_anonymized_trace_2.txt, HierarchicalCache,4500,85500,797125,1592031,2389156,1592031,2389156, 0.33364292662346035,126467,1465564,1592031,1461438,126467,0.079437524,923592,1465564,2389156,1465564,0,1465564, 0.3865766823095687,7.1383,16229619,74852179,148130379
redis_anonymized_trace_2.txt, HierarchicalCache,9000,81000,831037,1558119,2389156,1558119,2389156, 0.3478370604514732,92494,1465625,1558119,1457126,92494,0.059362603,923531,1465625,2389156,1465625,0,1465625, 0.3865511502806849,7.2425,16128310,74753310,148034560
redis_anonymized_trace_2.txt, HierarchicalCache,18000,72000,863947,1525209,2389156,1525209,2389156, 0.3616117993132303,59515,1465694,1525209,1448453,59515,0.039020882,923462,1465694,2389156,1465694,0,1465694, 0.3865222697889966,7.2314,16030063,74657823,147942523
redis_anonymized_trace_2.txt, HierarchicalCache,27000,63000,880777,1508379,2389156,1508379,2389156, 0.36865612793806685,42661,1465718,1508379,1439704,42661, 0.028282679618318738,923438,1465718,2389156,1465718,0,1465718, 0.3865122244005833,7.0461,15979741,74608461,147894361
redis_anonymized_trace_2.txt, HierarchicalCache,36000,54000,892537,1496619,2389156,1496619,2389156, 0.37357836826059077,30911,1465708,1496619,1431584,30911, 0.020653887195071025,923448,1465708,2389156,1465708,0,1465708, 0.38651640997908887,7.1456,15944391,74572711,147858111
redis_anonymized_trace_2.txt, HierarchicalCache,45000,45000,901328,1487828,2389156,1487828,2389156, 0.37725791032481765,22149,1465679,1487828,1424801,22149, 0.014886801431348247,923477,1465679,2389156,1465679,0,1465679, 0.3865285481567549,7.0546,15917815,74544975,147828925
redis_anonymized_trace_2.txt, HierarchicalCache,1000,99000,746531,1642625,2389156,1642625,2389156,0.312466411,180103,1462522,1642625,1461607,180103, 0.10964340613347538,926634,1462522,2389156,1462522,0,1462522, 0.3878499352909563,7.0765,16360107,74860987,147987087
redis_anonymized_trace_2.txt, HierarchicalCache,5000,95000,802347,1586809,2389156,1586809,2389156, 0.3358286357190573,124199,1462610,1586809,1458003,124199,0.078269659,926546,1462610,2389156,1462610,0,1462610, 0.3878131022001075,7.1537,16193275,74697675,147828175
redis_anonymized_trace_2.txt, HierarchicalCache,10000,90000,836307,1552849,2389156,1552849,2389156, 0.3500428603238968,90184,1462665,1552849,1453209,90184,0.058076477,926491,1462665,2389156,1462665,0,1462665,0.387790082,7.0852,16091780,74598380,147731630
redis_anonymized_trace_2.txt, HierarchicalCache,20000,80000,868445,1520711,2389156,1520711,2389156, 0.3634944725250256,57997,1462714,1520711,1443583,57997,0.038138081,926442,1462714,2389156,1462714,0,1462714, 0.38776957218364977,7.0882,15995709,74504269,147639969
redis_anonymized_trace_2.txt, HierarchicalCache,30000,70000,885105,1504051,2389156,1504051,2389156, 0.3704676463152678,41309,1462742,1504051,1433825,41309,0.027465159,926414,1462742,2389156,1462742,0,1462742, 0.38775785256383427,7.1089,15945925,74455605,147592705
redis_anonymized_trace_2.txt, HierarchicalCache,40000,60000,896765,1492391,2389156,1492391,2389156, 0.37534803085273627,29661,1462730,1492391,1424608,29661, 0.019874818328440735,926426,1462730,2389156,1462730,0,1462730, 0.38776287525804093,7.0612,15910861,74420061,147556561
redis_anonymized_trace_2.txt, HierarchicalCache,50000,50000,905293,1483863,2389156,1483863,2389156, 0.3789174922022672,21159,1462704,1483863,1416745,21159, 0.014259402653749031,926452,1462704,2389156,1462704,0,1462704, 0.38777375776215534,6.8743,15885095,74393255,147528455
redis_anonymized_trace_2.txt, HierarchicalCache,2000,198000,764583,1624573,2389156,1624573,2389156, 0.32002221705070744,185209,1439364,1624573,1437599,185209, 0.11400472616496765,949792,1439364,2389156,1439364,0,1439364, 0.39754289799410336,6.8092,16143845,73718405,145686605
redis_anonymized_trace_2.txt, HierarchicalCache,10000,190000,836307,1552849,2389156,1552849,2389156, 0.3500428603238968,113349,1439500,1552849,1430211,113349,0.072994219,949656,1439500,2389156,1439500,0,1439500, 0.3974859741264279,6.7548,15929625,73509625,145484625
redis_anonymized_trace_2.txt, HierarchicalCache,20000,180000,868445,1520711,2389156,1520711,2389156, 0.3634944725250256,81091,1439620,1520711,1420778,81091, 0.053324398916033355,949536,1439620,2389156,1439620,0,1439620, 0.39743574718436137,6.838,15834051,73418851,145399851
redis_anonymized_trace_2.txt, HierarchicalCache,40000,160000,896765,1492391,2389156,1492391,2389156, 0.37534803085273627,52654,1439737,1492391,1401293,52654, 0.035281638659037745,949419,1439737,2389156,1439737,0,1439737, 0.3973867759158464,6.837,15749910,73339390,145326240
redis_anonymized_trace_2.txt, HierarchicalCache,60000,140000,911754,1477402,2389156,1477402,2389156, 0.3816217944747015,37602,1439800,1477402,1381589,37602, 0.025451434342176334,949356,1439800,2389156,1439800,0,1439800, 0.3973604067712615,7.1524,15705384,73297384,145287384
redis_anonymized_trace_2.txt, HierarchicalCache,80000,120000,920373,1468783,2389156,1468783,2389156, 0.38522934458863295,28962,1439821,1468783,1362459,28962,0.019718365,949335,1439821,2389156,1439821,0,1439821, 0.3973516170563998,7.1879,15679674,73272514,145263564
redis_anonymized_trace_2.txt, HierarchicalCache,100000,100000,926659,1462497,2389156,1462497,2389156, 0.38786039923722015,22687,1439810,1462497,1344548,22687, 0.015512510453012895,949346,1439810,2389156,1439810,0,1439810, 0.39735622119275593,7.0161,15660739,73253139,145243639
redis_anonymized_trace_2.txt, HierarchicalCache,3000,297000,779352,1609804,2389156,1609804,2389156, 0.32620389794555066,321828,1287976,1609804,1285621,321828, 0.1999175054851398,1101180,1287976,2389156,1287976,0,1287976, 0.46090753387388683,21.9845,15039822,66558862,130957662
redis_anonymized_trace_2.txt, HierarchicalCache,15000,285000,856245,1532911,2389156,1532911,2389156, 0.3583880667482575,244184,1288727,1532911,1276291,244184, 0.1592943099762478,1100429,1288727,2389156,1288727,0,1288727, 0.46059319692812023,7.9753,14814400,66363480,130799830
redis_anonymized_trace_2.txt, HierarchicalCache,30000,270000,885105,1504051,2389156,1504051,2389156, 0.3704676463152678,214448,1289603,1504051,1264264,214448, 0.14258027154664304,1099553,1289603,2389156,1289603,0,1289603, 0.46022654025103427,7.9194,14733952,66318072,130798222
redis_anonymized_trace_2.txt, HierarchicalCache,60000,240000,911754,1477402,2389156,1477402,2389156, 0.3816217944747015,186244,1291158,1477402,1239245,186244, 0.12606183015861627,1097998,1291158,2389156,1291158,0,1291158, 0.4595756827934216,7.6733,14664890,66311210,130869110
redis_anonymized_trace_2.txt, HierarchicalCache,90000,210000,923695,1465461,2389156,1465461,2389156, 0.3866197937681759,172737,1292724,1465461,1214202,172737, 0.11787212351608128,1096432,1292724,2389156,1292724,0,1292724, 0.45892022119945286,7.5182,14640029,66348989,130985189
redis_anonymized_trace_2.txt, HierarchicalCache,120000,180000,931684,1457472,2389156,1457472,2389156, 0.3899636524362578,163078,1294394,1457472,1191066,163078, 0.11189100030738156,1094762,1294394,2389156,1294394,0,1294394, 0.4582212295890264,7.4997,14627752,66403512,131123212
redis_anonymized_trace_2.txt, HierarchicalCache,150000,150000,938526,1450630,2389156,1450630,2389156, 0.39282742524975345,155325,1295305,1450630,1300597,155325, 0.10707416777538036,1093851,1295305,2389156,1295305,0,1295305, 0.45783992338717105,7.4994,14613603,66425803,131191053
redis_anonymized_trace_2.txt, HierarchicalCache,4000,396000,791679,1597477,2389156,1597477,2389156, 0.33136346056933913,331305,1266172,1597477,1263119,331305, 0.20739265729647438,1122984,1266172,2389156,1266172,0,1266172, 0.47003376924738277,7.5023,14850213,65497093,128805693
redis_anonymized_trace_2.txt, HierarchicalCache,20000,380000,868445,1520711,2389156,1520711,2389156, 0.3634944725250256,253921,1266790,1520711,1250493,253921, 0.16697518463402974,1122366,1266790,2389156,1266790,0,1266790, 0.4697751004957399,7.5426,14624241,65295841,128635341
redis_anonymized_trace_2.txt, HierarchicalCache,40000,360000,896765,1492391,2389156,1492391,2389156, 0.37534803085273627,224966,1267425,1492391,1233842,224966, 0.15074199723798923,1121731,1267425,2389156,1267425,0,1267425, 0.46950931626063763,7.7681,14543726,65240726,128611976
redis_anonymized_trace_2.txt, HierarchicalCache,80000,320000,920373,1468783,2389156,1468783,2389156, 0.38522934458863295,200176,1268607,1468783,1200543,200176, 0.13628698044571594,1120549,1268607,2389156,1268607,0,1268607, 0.46901458088128195,21.9983,14481176,65225456,128655806
redis_anonymized_trace_2.txt, HierarchicalCache,120000,280000,931684,1457472,2389156,1457472,2389156, 0.3899636524362578,187740,1269732,1457472,1166676,187740, 0.12881208009484915,1119424,1269732,2389156,1269732,0,1269732, 0.4685437032994078,7.6126,14455118,65244398,128730998
redis_anonymized_trace_2.txt, HierarchicalCache,160000,240000,940671,1448485,2389156,1448485,2389156, 0.39372523183919345,177739,1270746,1448485,1133891,177739, 0.12270682816874183,1118410,1270746,2389156,1270746,0,1270746, 0.4681192856389453,7.1153,14435255,65265095,128802395
redis_anonymized_trace_2.txt, HierarchicalCache,200000,200000,949875,1439281,2389156,1439281,2389156, 0.3975776382956994,167859,1271422,1439281,1239173,167859, 0.11662698250029008,1117734,1271422,2389156,1271422,0,1271422, 0.46783634053197026,7.1023,14412375,65269255,128840355
redis_anonymized_trace_2.txt, HierarchicalCache,5000,495000,802347,1586809,2389156,1586809,2389156, 0.3358286357190573,399068,1187741,1586809,1184125,399068, 0.2514908851663937,1201415,1187741,2389156,1187741,0,1187741, 0.5028616800242429,7.3436,14269192,61778832,121165882
redis_anonymized_trace_2.txt, HierarchicalCache,25000,475000,877685,1511471,2389156,1511471,2389156, 0.36736194706415154,321817,1189654,1511471,1170796,321817, 0.2129164238017137,1199502,1189654,2389156,1189654,0,1189654, 0.5020609788561317,7.7843,14056569,61642729,121125429
redis_anonymized_trace_2.txt, HierarchicalCache,50000,450000,905293,1483863,2389156,1483863,2389156, 0.3789174922022672,291321,1192542,1483863,1153728,291321, 0.19632607592479898,1196614,1192542,2389156,1192542,0,1192542, 0.5008521837837295,7.4876,13993961,61695641,121322741
redis_anonymized_trace_2.txt, HierarchicalCache,100000,400000,926659,1462497,2389156,1462497,2389156, 0.38786039923722015,261875,1200622,1462497,1120291,261875, 0.17906019636279596,1188534,1200622,2389156,1200622,0,1200622, 0.49747023635124704,20.8943,13986423,62011303,122042403
redis_anonymized_trace_2.txt, HierarchicalCache,150000,350000,938526,1450630,2389156,1450630,2389156, 0.39282742524975345,240144,1210486,1450630,1085832,240144, 0.16554462543860254,1178670,1210486,2389156,1210486,0,1210486, 0.49334158171337494,7.3707,14019870,62439310,122963610
redis_anonymized_trace_2.txt, HierarchicalCache,200000,300000,949875,1439281,2389156,1439281,2389156, 0.3975776382956994,219731,1219550,1439281,1052166,219731, 0.1526671998032351,1169606,1219550,2389156,1219550,0,1219550, 0.4895477733559466,7.0004,14049271,62831271,123808771
redis_anonymized_trace_2.txt, HierarchicalCache,250000,250000,1016317,1372839,2389156,1372839,2389156, 0.42538745900225855,155913,1216926,1372839,1050559,155913, 0.11356976309676517,1172230,1216926,2389156,1216926,0,1216926, 0.4906460691558023,6.6808,13831577,62508617,123354917
redis_anonymized_trace_2.txt, HierarchicalCache,6000,594000,811458,1577698,2389156,1577698,2389156, 0.33964211629546165,403218,1174480,1577698,1170192,403218, 0.2555736268918386,1214676,1174480,2389156,1174480,0,1174480, 0.5084121756804495,7.7089,14149032,61128232,119852232
redis_anonymized_trace_2.txt, HierarchicalCache,30000,570000,885105,1504051,2389156,1504051,2389156, 0.3704676463152678,328990,1175061,1504051,1152774,328990, 0.21873593382139303,1214095,1175061,2389156,1175061,0,1175061, 0.5081689935692771,7.5939,13932158,60934598,119687648
redis_anonymized_trace_2.txt, HierarchicalCache,60000,540000,911754,1477402,2389156,1477402,2389156, 0.3816217944747015,301644,1175758,1477402,1130523,301644, 0.20417191800200624,1213398,1175758,2389156,1175758,0,1175758, 0.5078772587474405,7.4349,13857090,60887410,119675310
redis_anonymized_trace_2.txt, HierarchicalCache,120000,480000,931684,1457472,2389156,1457472,2389156, 0.3899636524362578,280319,1177153,1457472,1085167,280319, 0.1923323398322575,1212003,1177153,2389156,1177153,0,1177153, 0.5072933705459166,21.4694,13807065,60893185,119750835
redis_anonymized_trace_2.txt, HierarchicalCache,180000,420000,945041,1444115,2389156,1444115,2389156, 0.3955543296461177,265579,1178536,1444115,1038490,265579, 0.1839043289488718,1210620,1178536,2389156,1178536,0,1178536, 0.5067145050385994,6.9639,13776675,60918115,119844915
redis_anonymized_trace_2.txt, HierarchicalCache,240000,360000,994558,1394598,2389156,1394598,2389156, 0.4162800587320376,215530,1179068,1394598,1000722,215530, 0.1545463280457881,1210088,1179068,2389156,1179068,0,1179068, 0.5064918322621043,6.6803,13631848,60794568,119747968
redis_anonymized_trace_2.txt, HierarchicalCache,300000,300000,1101419,1287737,2389156,1287737,2389156, 0.46100756920016944,110089,1177648,1287737,927576,110089,0.085490283,1211508,1177648,2389156,1177648,0,1177648, 0.5070861844098921,6.4854,13301325,60407245,119289645
redis_anonymized_trace_2.txt, HierarchicalCache,7000,693000,818635,1570521,2389156,1570521,2389156, 0.34264610598889317,433247,1137274,1570521,1132528,433247, 0.2758619591842452,1251882,1137274,2389156,1137274,0,1137274, 0.5239850390681897,7.5115,13867059,59358019,116221719
redis_anonymized_trace_2.txt, HierarchicalCache,35000,665000,891395,1497761,2389156,1497761,2389156, 0.37310037519525724,359740,1138021,1497761,1113552,359740, 0.24018518308328232,1251135,1138021,2389156,1138021,0,1138021, 0.5236723763538254,22.5576,13654008,59174848,116075898
redis_anonymized_trace_2.txt, HierarchicalCache,70000,630000,916495,1472661,2389156,1472661,2389156, 0.3836061772441816,333251,1139410,1472661,1089525,333251, 0.22629172633756173,1249746,1139410,2389156,1139410,0,1139410, 0.5230909994994049,7.5323,13588431,59164831,116135331
redis_anonymized_trace_2.txt, HierarchicalCache,140000,560000,936335,1452821,2389156,1452821,2389156,0.391910365,306933,1145888,1452821,1040894,306933,0.211266908,1243268,1145888,2389156,1145888,0,1145888, 0.5203795817435111,7.1303,13574257,59409777,116704177
redis_anonymized_trace_2.txt, HierarchicalCache,210000,490000,953285,1435871,2389156,1435871,2389156, 0.3990049205660911,281695,1154176,1435871,992169,281695, 0.19618405831721653,1234980,1154176,2389156,1154176,0,1154176, 0.5169105742781133,6.8783,13581423,59748463,117457263
redis_anonymized_trace_2.txt, HierarchicalCache,280000,420000,1090563,1298593,2389156,1298593,2389156,0.456463705,146943,1151650,1298593,930408,146943, 0.11315554604098436,1237506,1151650,2389156,1151650,0,1151650, 0.5179678514086146,6.4687,13151907,59217907,116800407
redis_anonymized_trace_2.txt, HierarchicalCache,350000,350000,1113359,1275797,2389156,1275797,2389156, 0.46600514993579323,123787,1152010,1275797,865020,123787,0.097027192,1237146,1152010,2389156,1152010,0,1152010, 0.5178171705824148,20.9784,13086039,59166439,116766939
redis_anonymized_trace_2.txt, HierarchicalCache,8000,792000,825098,1564058,2389156,1564058,2389156, 0.34535124537702855,432446,1131612,1564058,1126271,432446, 0.2764897465439261,1257544,1131612,2389156,1131612,0,1131612, 0.5263549136180308,6.5151,13808036,59072516,115653116
redis_anonymized_trace_2.txt, HierarchicalCache,40000,760000,896765,1492391,2389156,1492391,2389156, 0.37534803085273627,359746,1132645,1492391,1104998,359746, 0.24105345046974955,1256511,1132645,2389156,1132645,0,1132645, 0.5259225433584077,6.5234,13600266,58906066,115538316
redis_anonymized_trace_2.txt, HierarchicalCache,80000,720000,920373,1468783,2389156,1468783,2389156, 0.38522934458863295,335569,1133214,1468783,1077453,335569, 0.22846737741381812,1255942,1133214,2389156,1133214,0,1133214, 0.5256843839414421,21074.4896,13533425,58861985,115522685
redis_anonymized_trace_2.txt, HierarchicalCache,160000,640000,940671,1448485,2389156,1448485,2389156, 0.39372523183919345,314332,1134153,1448485,1019684,314332, 0.21700742499922332,1255003,1134153,2389156,1134153,0,1134153, 0.5252913581197711,11.0908,13479104,58845224,115552874
redis_anonymized_trace_2.txt, HierarchicalCache,240000,560000,994558,1394598,2389156,1394598,2389156, 0.4162800587320376,259505,1135093,1394598,960958,259505, 0.18607871228841574,1254063,1135093,2389156,1135093,0,1135093, 0.5248979137402497,7317.3987,13324023,58727743,115482393
redis_anonymized_trace_2.txt, HierarchicalCache,320000,480000,1106913,1282243,2389156,1282243,2389156, 0.4633071260311173,147422,1134821,1282243,887097,147422, 0.11497196709204105,1254335,1134821,2389156,1134821,0,1134821, 0.5250117614756006,6.1195,12985054,58377894,115118944
redis_anonymized_trace_2.txt, HierarchicalCache,400000,400000,1123159,1265997,2389156,1265997,2389156, 0.47010701687122985,131095,1134902,1265997,815304,131095, 0.10355079830362947,1254254,1134902,2389156,1134902,0,1134902, 0.5249778582897057,6.6287,12936883,58332963,115078063
redis_anonymized_trace_2.txt, HierarchicalCache,9000,891000,831037,1558119,2389156,1558119,2389156, 0.3478370604514732,441116,1117003,1558119,1111365,441116, 0.2831080296177635,1272153,1117003,2389156,1117003,0,1117003, 0.5324696252567852,7.7666,13687956,58368076,114218226
redis_anonymized_trace_2.txt, HierarchicalCache,45000,855000,901328,1487828,2389156,1487828,2389156, 0.37725791032481765,370622,1117206,1487828,1087634,370622, 0.24910271886266425,1271950,1117206,2389156,1117206,0,1117206, 0.5323846580131226,36.0381,13478504,58166744,114027044
redis_anonymized_trace_2.txt, HierarchicalCache,90000,810000,923695,1465461,2389156,1465461,2389156, 0.3866197937681759,347881,1117580,1465461,1057933,347881, 0.2373867335944116,1271576,1117580,2389156,1117580,0,1117580, 0.5322281173770151,10.5733,13414021,58117221,113996221
redis_anonymized_trace_2.txt, HierarchicalCache,180000,720000,945041,1444115,2389156,1444115,2389156, 0.3955543296461177,325338,1118777,1444115,996848,325338, 0.22528538239683127,1270379,1118777,2389156,1118777,0,1118777,0.531727104,9.9785,13358362,58109442,114048292
redis_anonymized_trace_2.txt, HierarchicalCache,270000,630000,1079102,1310054,2389156,1310054,2389156, 0.4516666136493389,190144,1119910,1310054,922723,190144, 0.14514210864590316,1269246,1119910,2389156,1119910,0,1119910, 0.5312528775852225,9.4743,12964110,57760510,113756010
redis_anonymized_trace_2.txt, HierarchicalCache,360000,540000,1115365,1273791,2389156,1273791,2389156, 0.46684477698400606,152486,1121305,1273791,846702,152486, 0.11971037634902429,1267851,1121305,2389156,1121305,0,1121305, 0.5306689893836987,9.3205,12865086,57717286,113782536
redis_anonymized_trace_2.txt, HierarchicalCache,450000,450000,1156091,1233065,2389156,1233065,2389156, 0.4838909640056991,112644,1120421,1233065,760391,112644,0.091352848,1268735,1120421,2389156,1120421,0,1120421,0.531038995,22.1494,12736720,57553560,113574610
redis_anonymized_trace_2.txt, HierarchicalCache,10000,990000,836307,1552849,2389156,1552849,2389156, 0.3500428603238968,440031,1112818,1552849,1106748,440031, 0.28337011518827654,1276338,1112818,2389156,1112818,0,1112818, 0.5342212898613569,6.5087,13642851,58155571,113796471
redis_anonymized_trace_2.txt, HierarchicalCache,50000,950000,905293,1483863,2389156,1483863,2389156, 0.3789174922022672,369806,1114057,1483863,1081998,369806, 0.24921842515110895,1275099,1114057,2389156,1114057,0,1114057, 0.5337026966845195,6.5026,13444566,58006846,113709696
redis_anonymized_trace_2.txt, HierarchicalCache,100000,900000,926659,1462497,2389156,1462497,2389156, 0.38786039923722015,346777,1115720,1462497,1050145,346777, 0.2371129650180479,1273436,1115720,2389156,1115720,0,1115720,0.533006635,6.4173,13392109,58020909,113806909
redis_anonymized_trace_2.txt, HierarchicalCache,200000,800000,949875,1439281,2389156,1439281,2389156, 0.3975776382956994,322939,1116342,1439281,982131,322939, 0.22437522624143583,1272814,1116342,2389156,1116342,0,1116342,0.532746292,22.6882,13326815,57980495,113797595
redis_anonymized_trace_2.txt, HierarchicalCache,300000,700000,1101419,1287737,2389156,1287737,2389156, 0.46100756920016944,171257,1116480,1287737,893258,171257, 0.13299066501933238,1272676,1116480,2389156,1116480,0,1116480, 0.5326885310126254,5.4259,12873149,57532349,113356349
redis_anonymized_trace_2.txt, HierarchicalCache,400000,600000,1123159,1265997,2389156,1265997,2389156, 0.47010701687122985,149319,1116678,1265997,809170,149319, 0.1179457771226946,1272478,1116678,2389156,1116678,0,1116678, 0.5326056565582156,5.3326,12809315,57476435,113310335
redis_anonymized_trace_2.txt, HierarchicalCache,500000,500000,1201940,1187216,2389156,1187216,2389156, 0.5030814228957842,71103,1116113,1187216,679172,71103, 0.059890533820298915,1273043,1116113,2389156,1116113,0,1116113,0.532842142,4.9332,12569017,57213537,113019187
redis_anonymized_trace_3.txt, HierarchicalCache,10,990,4230170,6637037,10867207,6637037,10867207, 0.3892600923125878,480324,6156713,6637037,6156704,480324,0.072370246,4710494,6156713,10867207,6156713,0,6156713, 0.4334594896370337,26.2048,68441705.5,314710225.5,622545875.5
redis_anonymized_trace_3.txt, HierarchicalCache,50,950,4608217,6258990,10867207,6258990,10867207, 0.42404796375002335,102275,6156715,6258990,6156665,102275, 0.016340495830796983,4710492,6156715,10867207,6156715,0,6156715, 0.4334593055971051,25.2638,67307578.5,313576178.5,621411928.5
redis_anonymized_trace_3.txt, HierarchicalCache,100,900,4660660,6206547,10867207,6206547,10867207, 0.42887376673693617,49832,6156715,6206547,6156615,49832,0.008028941,4710492,6156715,10867207,6156715,0,6156715, 0.4334593055971051,26.3318,67150249.5,313418849.5,621254599.5
redis_anonymized_trace_3.txt, HierarchicalCache,200,800,4677063,6190144,10867207,6190144,10867207, 0.4303831702110763,33431,6156713,6190144,6156513,33431,0.005400682,4710494,6156713,10867207,6156713,0,6156713, 0.4334594896370337,28.6977,67101026.5,313369546.5,621205196.5
redis_anonymized_trace_3.txt, HierarchicalCache,300,700,4694187,6173020,10867207,6173020,10867207, 0.43195892007946474,16308,6156712,6173020,6156413,16308,0.002641819,4710495,6156712,10867207,6156712,0,6156712,0.433459582,27.7791,67049647.5,313318127.5,621153727.5
redis_anonymized_trace_3.txt, HierarchicalCache,400,600,4704677,6162530,10867207,6162530,10867207, 0.4329242095047973,5817,6156713,6162530,6156328,5817,0.00094393,4710494,6156713,10867207,6156713,0,6156713, 0.4334594896370337,29.3435,67018184.5,313286704.5,621122354.5
redis_anonymized_trace_3.txt, HierarchicalCache,500,500,4707659,6159548,10867207,6159548,10867207, 0.4331986130382903,2835,6156713,6159548,6156627,2835,0.000460261,4710494,6156713,10867207,6156713,0,6156713, 0.4334594896370337,30.081,67009238.5,313277758.5,621113408.5
redis_anonymized_trace_3.txt, HierarchicalCache,20,1980,4428868,6438339,10867207,6438339,10867207,0.407544275,300722,6137617,6438339,6137598,300722,0.04670801,4729590,6137617,10867207,6137617,0,6137617, 0.4352167028749889,30.1936,67711939.5,313216619.5,620097469.5
redis_anonymized_trace_3.txt, HierarchicalCache,100,1900,4660660,6206547,10867207,6206547,10867207, 0.42887376673693617,68879,6137668,6206547,6137568,68879,0.011097797,4729539,6137668,10867207,6137668,0,6137668, 0.43521200985681047,26.9075,67016920.5,312523640.5,619407040.5
redis_anonymized_trace_3.txt, HierarchicalCache,200,1800,4677063,6190144,10867207,6190144,10867207, 0.4303831702110763,52431,6137713,6190144,6137513,52431,0.008470078,4729494,6137713,10867207,6137713,0,6137713, 0.43520786895841773,27.9865,66968026.5,312476546.5,619362196.5
redis_anonymized_trace_3.txt, HierarchicalCache,400,1600,4704677,6162530,10867207,6162530,10867207, 0.4329242095047973,24830,6137700,6162530,6137300,24830,0.004029189,4729507,6137700,10867207,6137700,0,6137700, 0.43520906521795344,27.994,66885093.5,312393093.5,619278093.5
redis_anonymized_trace_3.txt, HierarchicalCache,600,1400,4708714,6158493,10867207,6158493,10867207, 0.4332956941006093,20759,6137734,6158493,6137134,20759,0.003370792,4729473,6137734,10867207,6137734,0,6137734, 0.4352059365391678,30.4137,66873220.5,312382580.5,619269280.5
redis_anonymized_trace_3.txt, HierarchicalCache,800,1200,4709876,6157331,10867207,6157331,10867207, 0.43340262129910656,19555,6137776,6157331,6137009,19555,0.003175889,4729431,6137776,10867207,6137776,0,6137776, 0.4352020717006679,30.0045,66870028.5,312381068.5,619269868.5
redis_anonymized_trace_3.txt, HierarchicalCache,1000,1000,4710496,6156711,10867207,6156711,10867207, 0.43345967367696225,18904,6137807,6156711,6152895,18904,0.003070471,4729400,6137807,10867207,6137807,0,6137807, 0.4351992190817751,30.8977,66868385.5,312380665.5,619271015.5
redis_anonymized_trace_3.txt, HierarchicalCache,30,2970,4522593,6344614,10867207,6344614,10867207,0.416168846,239857,6104757,6344614,6104727,239857, 0.037804821538394616,4762450,6104757,10867207,6104757,0,6104757, 0.43824047890134055,31.027,67200744.5,311391024.5,616628874.5
redis_anonymized_trace_3.txt, HierarchicalCache,150,2850,4671906,6195301,10867207,6195301,10867207, 0.42990862325526696,90493,6104808,6195301,6104660,90493, 0.014606715638190946,4762399,6104808,10867207,6104808,0,6104808, 0.4382357858831621,31.003,66753162.5,310945482.5,616185882.5
redis_anonymized_trace_3.txt, HierarchicalCache,300,2700,4694187,6173020,10867207,6173020,10867207, 0.43195892007946474,68176,6104844,6173020,6104550,68176, 0.011044189067911655,4762363,6104844,10867207,6104844,0,6104844, 0.43823247316444786,30.7429,66686571.5,310880331.5,616122531.5
redis_anonymized_trace_3.txt, HierarchicalCache,600,2400,4708714,6158493,10867207,6158493,10867207, 0.4332956941006093,53582,6104911,6158493,6104316,53582,0.008700505,4762296,6104911,10867207,6104911,0,6104911, 0.43822630782684086,29.8606,66643459.5,310839899.5,616085449.5
redis_anonymized_trace_3.txt, HierarchicalCache,900,2100,4710255,6156952,10867207,6156952,10867207,0.433437497,51960,6104992,6156952,6104101,51960,0.008439241,4762215,6104992,10867207,6104992,0,6104992, 0.43821885420973394,29.4125,66639403.5,310839083.5,616088683.5
redis_anonymized_trace_3.txt, HierarchicalCache,1200,1800,4710791,6156416,10867207,6156416,10867207, 0.4334868195664259,51344,6105072,6156416,6103955,51344,0.008339917,4762135,6105072,10867207,6105072,0,6105072, 0.43821149261259124,30.4611,66638355.5,310841235.5,616094835.5
redis_anonymized_trace_3.txt, HierarchicalCache,1500,1500,4712126,6155081,10867207,6155081,10867207, 0.43360966621874414,49960,6105121,6155081,6150979,49960,0.008116871,4762086,6105121,10867207,6105121,0,6105121, 0.43820698363434135,30.1333,66634693.5,310839533.5,616095583.5
redis_anonymized_trace_3.txt, HierarchicalCache,40,3960,4576082,6291125,10867207,6291125,10867207, 0.42109090219777723,205526,6085599,6291125,6085559,205526,0.032669197,4781608,6085599,10867207,6085599,0,6085599, 0.44000339737708133,31.3339,66906171.5,310330131.5,614610081.5
redis_anonymized_trace_3.txt, HierarchicalCache,200,3800,4677063,6190144,10867207,6190144,10867207, 0.4303831702110763,104471,6085673,6190144,6085477,104471, 0.016876990260646603,4781534,6085673,10867207,6085673,0,6085673, 0.43999658789972435,29.6434,66603746.5,310030666.5,614314316.5
redis_anonymized_trace_3.txt, HierarchicalCache,400,3600,4704677,6162530,10867207,6162530,10867207, 0.4329242095047973,76824,6085706,6162530,6085313,76824, 0.012466308480445531,4781501,6085706,10867207,6085706,0,6085706,0.439993551,30.1315,66521135.5,309949375.5,614234675.5
redis_anonymized_trace_3.txt, HierarchicalCache,800,3200,4709876,6157331,10867207,6157331,10867207, 0.43340262129910656,71533,6085798,6157331,6085008,71533, 0.011617533635921148,4781409,6085798,10867207,6085798,0,6085798, 0.43998508540418896,30.4853,66506182.5,309938102.5,614228002.5
redis_anonymized_trace_3.txt, HierarchicalCache,1200,2800,4710791,6156416,10867207,6156416,10867207, 0.4334868195664259,70507,6085909,6156416,6084728,70507,0.011452605,4781298,6085909,10867207,6085909,0,6085909, 0.4399748711881535,29.5927,66504214.5,309940574.5,614236024.5
redis_anonymized_trace_3.txt, HierarchicalCache,1600,2400,4713307,6153900,10867207,6153900,10867207, 0.4337183417965628,67908,6085992,6153900,6085456,67908, 0.011034953444157364,4781215,6085992,10867207,6085992,0,6085992,0.439967234,30.1229,66497247.5,309936927.5,614236527.5
redis_anonymized_trace_3.txt, HierarchicalCache,2000,2000,4729633,6137574,10867207,6137574,10867207, 0.43522065973345314,51605,6085969,6137574,6125833,51605,0.008408045,4781238,6085969,10867207,6085969,0,6085969, 0.4399693499902965,30.0353,66448108.5,309886868.5,614185318.5
redis_anonymized_trace_3.txt, HierarchicalCache,50,4950,4608217,6258990,10867207,6258990,10867207, 0.42404796375002335,185632,6073358,6258990,6073308,185632, 0.029658459272182892,4793849,6073358,10867207,6073358,0,6073358, 0.4411298137598741,32.4923,66724079.5,309658399.5,613326299.5
redis_anonymized_trace_3.txt, HierarchicalCache,250,4750,4684830,6182377,10867207,6182377,10867207, 0.43109788927366527,108969,6073408,6182377,6073164,108969, 0.017625744919793795,4793799,6073408,10867207,6073408,0,6073408, 0.44112521276165995,33.2671,66494590.5,309430910.5,613101310.5
redis_anonymized_trace_3.txt, HierarchicalCache,500,4500,4707659,6159548,10867207,6159548,10867207, 0.4331986130382903,86113,6073435,6159548,6072943,86113, 0.013980408952085445,4793772,6073435,10867207,6073435,0,6073435, 0.44112272822262427,31.5855,66426292.5,309363692.5,613035442.5
redis_anonymized_trace_3.txt, HierarchicalCache,1000,4000,4710496,6156711,10867207,6156711,10867207, 0.43345967367696225,83158,6073553,6156711,6072568,83158, 0.013506887037575745,4793654,6073553,10867207,6073553,0,6073553, 0.4411118698668388,30.8397,66418607.5,309360727.5,613038377.5
redis_anonymized_trace_3.txt, HierarchicalCache,1500,3500,4712126,6155081,10867207,6155081,10867207, 0.43360966621874414,81426,6073655,6155081,6072180,81426, 0.013229070421656514,4793552,6073655,10867207,6073655,0,6073655, 0.44110248383048195,30.6472,66414431.5,309360631.5,613043381.5
redis_anonymized_trace_3.txt, HierarchicalCache,2000,3000,4729633,6137574,10867207,6137574,10867207, 0.43522065973345314,63908,6073666,6137574,6074134,63908, 0.010412583212845987,4793541,6073666,10867207,6073666,0,6073666, 0.4411014716108748,31.5523,66361987.5,309308627.5,612991927.5
redis_anonymized_trace_3.txt, HierarchicalCache,2500,2500,4749879,6117328,10867207,6117328,10867207, 0.43708369593033425,43713,6073615,6117328,6096996,43713,0.007145767,4793592,6073615,10867207,6073615,0,6073615, 0.4411061646290533,31.4863,66300892.5,309245492.5,612926242.5
redis_anonymized_trace_3.txt, HierarchicalCache,60,5940,4628133,6239074,10867207,6239074,10867207,0.425880633,174453,6064621,6239074,6064562,174453,0.027961361,4802586,6064621,10867207,6064621,0,6064621, 0.4419337921878179,37.2573,66603172.5,309188012.5,612419062.5
redis_anonymized_trace_3.txt, HierarchicalCache,300,5700,4694187,6173020,10867207,6173020,10867207, 0.43195892007946474,108344,6064676,6173020,6064385,108344, 0.017551214802479176,4802531,6064676,10867207,6064676,0,6064676, 0.4419287310897823,35.1588,66405395.5,308992435.5,612226235.5
redis_anonymized_trace_3.txt, HierarchicalCache,600,5400,4708714,6158493,10867207,6158493,10867207, 0.4332956941006093,93759,6064734,6158493,6064143,93759, 0.015224341409497421,4802473,6064734,10867207,6064734,0,6064734, 0.44192339393185387,33.3273,66362220.5,308951580.5,612188280.5
redis_anonymized_trace_3.txt, HierarchicalCache,1200,4800,4710791,6156416,10867207,6156416,10867207, 0.4334868195664259,91566,6064850,6156416,6063672,91566, 0.014873263924984927,4802357,6064850,10867207,6064850,0,6064850,0.44191272,30.3884,66356801.5,308950801.5,612193301.5
redis_anonymized_trace_3.txt, HierarchicalCache,1800,4200,4720057,6147150,10867207,6147150,10867207, 0.43433947655547556,82212,6064938,6147150,6063170,82212, 0.013374002586564505,4802269,6064938,10867207,6064938,0,6064938, 0.4419046218591401,30.7193,66329619.5,308927139.5,612174039.5
redis_anonymized_trace_3.txt, HierarchicalCache,2400,3600,4746321,6120886,10867207,6120886,10867207,0.436756289,55979,6064907,6120886,6065611,55979,0.009145571,4802300,6064907,10867207,6064907,0,6064907, 0.44190747447803286,30.1806,66250610.5,308846890.5,612092240.5
redis_anonymized_trace_3.txt, HierarchicalCache,3000,3000,4762482,6104725,10867207,6104725,10867207, 0.4382434235401976,39859,6064866,6104725,6079805,39859,0.006529205,4802341,6064866,10867207,6064866,0,6064866, 0.4419112472965685,41.9422,66201840.5,308796480.5,612039780.5
redis_anonymized_trace_3.txt, HierarchicalCache,70,6930,4641066,6226141,10867207,6226141,10867207, 0.4270707275567678,171168,6054973,6226141,6054904,171168, 0.027491828405428017,4812234,6054973,10867207,6054973,0,6054973, 0.44282160080322386,31.1674,66496837.5,308695757.5,611444407.5
redis_anonymized_trace_3.txt, HierarchicalCache,350,6650,4700992,6166215,10867207,6166215,10867207, 0.4325851159364131,111182,6055033,6166215,6054691,111182,0.018030834,4812174,6055033,10867207,6055033,0,6055033, 0.44281607960536684,41.0178,66317479.5,308518799.5,611270449.5
redis_anonymized_trace_3.txt, HierarchicalCache,700,6300,4709344,6157863,10867207,6157863,10867207, 0.4333536666781078,102750,6055113,6157863,6054424,102750, 0.016685983432888976,4812094,6055113,10867207,6055113,0,6055113, 0.4428087180082242,40.5898,66292983.5,308497503.5,611253153.5
redis_anonymized_trace_3.txt, HierarchicalCache,1400,5600,4711456,6155751,10867207,6155751,10867207, 0.4335480128426743,100511,6055240,6155751,6053865,100511,0.016327983,4811967,6055240,10867207,6055240,0,6055240, 0.4427970314727602,38.063,66287536.5,308497136.5,611259136.5
redis_anonymized_trace_3.txt, HierarchicalCache,2100,4900,4733905,6133302,10867207,6133302,10867207, 0.4356137690208717,78012,6055290,6133302,6053226,78012, 0.012719412805695855,4811917,6055290,10867207,6055290,0,6055290, 0.44279243047454603,35.3094,66220539.5,308432139.5,611196639.5
redis_anonymized_trace_3.txt, HierarchicalCache,2800,4200,4757951,6109256,10867207,6109256,10867207, 0.43782648108202965,53989,6055267,6109256,6055664,53989,0.008837246,4811940,6055267,10867207,6055267,0,6055267, 0.44279454693372455,33.4081,66148240.5,308358920.5,611122270.5
redis_anonymized_trace_3.txt, HierarchicalCache,3500,3500,4773227,6093980,10867207,6093980,10867207, 0.4392321780564224,38755,6055225,6093980,6065043,38755,0.006359555,4811982,6055225,10867207,6055225,0,6055225, 0.44279841177222445,31.0064,66102118.5,308311118.5,611072368.5
redis_anonymized_trace_3.txt, HierarchicalCache,80,7920,4649997,6217210,10867207,6217210,10867207, 0.4278925578577826,172584,6044626,6217210,6044547,172584,0.027759075,4822581,6044626,10867207,6044626,0,6044626, 0.4437737313736639,30.4363,66397615.5,308182655.5,610413955.5
redis_anonymized_trace_3.txt, HierarchicalCache,400,7600,4704677,6162530,10867207,6162530,10867207, 0.4329242095047973,117822,6044708,6162530,6044317,117822, 0.019119095566269048,4822499,6044708,10867207,6044708,0,6044708, 0.44376618573659266,30.2479,66234149.5,308022469.5,610257869.5
redis_anonymized_trace_3.txt, HierarchicalCache,800,7200,4709876,6157331,10867207,6157331,10867207, 0.43340262129910656,112552,6044779,6157331,6043995,112552, 0.018279348633360785,4822428,6044779,10867207,6044779,0,6044779, 0.44375965231912856,31.4104,66219049.5,308010209.5,610249159.5
redis_anonymized_trace_3.txt, HierarchicalCache,1600,6400,4713307,6153900,10867207,6153900,10867207, 0.4337183417965628,108943,6044957,6153900,6043388,108943,0.017703083,4822250,6044957,10867207,6044957,0,6044957, 0.4437432727654861,31.0438,66210002.5,308008282.5,610256132.5
redis_anonymized_trace_3.txt, HierarchicalCache,2400,5600,4746321,6120886,10867207,6120886,10867207,0.436756289,75922,6044964,6120886,6042593,75922, 0.012403759847839022,4822243,6044964,10867207,6044964,0,6044964, 0.4437426286257361,30.7404,66111009.5,307909569.5,610157769.5
redis_anonymized_trace_3.txt, HierarchicalCache,3200,4800,4766944,6100263,10867207,6100263,10867207,0.438654017,55307,6044956,6100263,6044785,55307,0.00906633,4822251,6044956,10867207,6044956,0,6044956, 0.4437433647854504,30.736,66049084.5,307847324.5,610095124.5
redis_anonymized_trace_3.txt, HierarchicalCache,4000,4000,4781646,6085561,10867207,6085561,10867207, 0.44000689413572414,40639,6044922,6085561,6053795,40639,0.006677938,4822285,6044922,10867207,6044922,0,6044922,0.443746493,29.9219,66004740.5,307801620.5,610047720.5
redis_anonymized_trace_3.txt, HierarchicalCache,90,8910,4656154,6211053,10867207,6211053,10867207, 0.4284591247778753,177947,6033106,6211053,6033019,177947,0.028650053,4834101,6033106,10867207,6033106,0,6033106, 0.44483380136220835,30.3115,66298504.5,307622744.5,609278044.5
redis_anonymized_trace_3.txt, HierarchicalCache,450,8550,4706596,6160611,10867207,6160611,10867207, 0.4331007958162571,127435,6033176,6160611,6032735,127435, 0.020685448245312033,4834031,6033176,10867207,6033176,0,6033176, 0.4448273599647085,30.7537,66147668.5,307474708.5,609133508.5
redis_anonymized_trace_3.txt, HierarchicalCache,900,8100,4710255,6156952,10867207,6156952,10867207,0.433437497,123653,6033299,6156952,6032419,123653, 0.020083476369476324,4833908,6033299,10867207,6033299,0,6033299, 0.44481604150910165,37.6552,66137552.5,307469512.5,609134462.5
redis_anonymized_trace_3.txt, HierarchicalCache,1800,7200,4720057,6147150,10867207,6147150,10867207, 0.43433947655547556,113665,6033485,6147150,6031721,113665, 0.018490682674084737,4833722,6033485,10867207,6033485,0,6033485, 0.4447989257957449,33.6543,66109448.5,307448848.5,609123098.5
redis_anonymized_trace_3.txt, HierarchicalCache,2700,6300,4755618,6111589,10867207,6111589,10867207, 0.43761179850535653,78086,6033503,6111589,6030837,78086,0.01277671,4833704,6033503,10867207,6033503,0,6033503, 0.44479726943638787,52.7232,66002891.5,307343011.5,609018161.5
redis_anonymized_trace_3.txt, HierarchicalCache,3600,5400,4775135,6092072,10867207,6092072,10867207, 0.4394077521482751,58550,6033522,6092072,6032563,58550,0.009610852,4833685,6033522,10867207,6033522,0,6033522, 0.44479552105706643,44.7705,65944473.5,307285353.5,608961453.5
redis_anonymized_trace_3.txt, HierarchicalCache,4500,4500,4788266,6078941,10867207,6078941,10867207,0.440616066,45474,6033467,6078941,6044059,45474,0.007480579,4833740,6033467,10867207,6033467,0,6033467, 0.44480058215510204,50.0846,65904695.5,307243375.5,608916725.5
redis_anonymized_trace_3.txt, HierarchicalCache,100,9900,4660660,6206547,10867207,6206547,10867207, 0.42887376673693617,184140,6022407,6206547,6022310,184140, 0.029668670840646175,4844800,6022407,10867207,6022407,0,6022407, 0.4458183229600761,65.8091,66210093.5,307106373.5,608226723.5
redis_anonymized_trace_3.txt, HierarchicalCache,500,9500,4707659,6159548,10867207,6159548,10867207, 0.4331986130382903,137049,6022499,6159548,6022011,137049, 0.022249846904350775,4844708,6022499,10867207,6022499,0,6022499, 0.4458098571233621,43.3425,66069740.5,306969700.5,608094650.5
redis_anonymized_trace_3.txt, HierarchicalCache,1000,9000,4710496,6156711,10867207,6156711,10867207, 0.43345967367696225,134117,6022594,6156711,6021616,134117, 0.021783871291018858,4844613,6022594,10867207,6022594,0,6022594, 0.44580111522675514,43.4822,66061894.5,306965654.5,608095354.5
redis_anonymized_trace_3.txt, HierarchicalCache,2000,8000,4729633,6137574,10867207,6137574,10867207, 0.43522065973345314,114834,6022740,6137574,6020779,114834, 0.018709998445639923,4844467,6022740,10867207,6022740,0,6022740, 0.44578768031196975,43.3818,66005505.5,306915105.5,608052105.5
redis_anonymized_trace_3.txt, HierarchicalCache,3000,7000,4762482,6104725,10867207,6104725,10867207, 0.4382434235401976,81938,6022787,6104725,6019830,81938, 0.013422062418864077,4844420,6022787,10867207,6022787,0,6022787, 0.44578335537364844,42.9511,65907287.5,306818767.5,607958117.5
redis_anonymized_trace_3.txt, HierarchicalCache,4000,6000,4781646,6085561,10867207,6085561,10867207, 0.44000689413572414,62762,6022799,6085561,6021095,62762,0.010313264,4844408,6022799,10867207,6022799,0,6022799, 0.44578225113407705,43.5597,65849879.5,306761839.5,607901789.5
redis_anonymized_trace_3.txt, HierarchicalCache,5000,5000,4793872,6073335,10867207,6073335,10867207, 0.4411319302190526,50540,6022795,6073335,6035102,50540,0.008321622,4844412,6022795,10867207,6022795,0,6022795, 0.4457826192139342,44.623,65813173.5,306724973.5,607864723.5
redis_anonymized_trace_3.txt, HierarchicalCache,200,19800,4677063,6190144,10867207,6190144,10867207, 0.4303831702110763,236627,5953517,6190144,5953322,236627,0.038226413,4913690,5953517,10867207,5953517,0,5953517, 0.45215757829955755,42.3431,65678654.5,303819334.5,601495184.5
redis_anonymized_trace_3.txt, HierarchicalCache,1000,19000,4710496,6156711,10867207,6156711,10867207, 0.43345967367696225,203058,5953653,6156711,5952680,203058,0.032981571,4913554,5953653,10867207,5953653,0,5953653, 0.45214506358441503,44.4787,65579307.5,303725427.5,601408077.5
redis_anonymized_trace_3.txt, HierarchicalCache,2000,18000,4729633,6137574,10867207,6137574,10867207, 0.43522065973345314,183759,5953815,6137574,5951865,183759,0.029940006,4913392,5953815,10867207,5953815,0,5953815, 0.4521301563502011,45.7809,65523030.5,303675630.5,601366380.5
redis_anonymized_trace_3.txt, HierarchicalCache,4000,16000,4781646,6085561,10867207,6085561,10867207, 0.44000689413572414,131598,5953963,6085561,5950031,131598, 0.021624629183735075,4913244,5953963,10867207,5953963,0,5953963, 0.4521165373954872,45.6293,65368027.5,303526547.5,601224697.5
redis_anonymized_trace_3.txt, HierarchicalCache,6000,14000,4802602,6064605,10867207,6064605,10867207, 0.44193526450724646,110510,5954095,6064605,5948193,110510, 0.018222126585325838,4913112,5954095,10867207,5954095,0,5954095, 0.45210439076020176,45.4169,65306083.5,303469883.5,601174633.5
redis_anonymized_trace_3.txt, HierarchicalCache,8000,12000,4822623,6044584,10867207,6044584,10867207, 0.4437775962121638,90433,5954151,6044584,5947818,90433, 0.014960996488757539,4913056,5954151,10867207,5954151,0,5954151, 0.4520992376422019,45.506,65246412.5,303412452.5,601120002.5
redis_anonymized_trace_3.txt, HierarchicalCache,10000,10000,4844841,6022366,10867207,6022366,10867207, 0.44582209577861176,68258,5954108,6022366,5963594,68258, 0.011334083647523249,4913099,5954108,10867207,5954108,0,5954108, 0.4521031945006661,44.4464,65179457.5,303343777.5,601049177.5
redis_anonymized_trace_3.txt, HierarchicalCache,300,29700,4694187,6173020,10867207,6173020,10867207, 0.43195892007946474,264487,5908533,6173020,5908247,264487,0.042845641,4958674,5908533,10867207,5908533,0,5908533, 0.45629700437288073,47.9317,65312394.5,301653714.5,597080364.5
redis_anonymized_trace_3.txt, HierarchicalCache,1500,28500,4712126,6155081,10867207,6155081,10867207, 0.43360966621874414,246354,5908727,6155081,5907289,246354,0.040024494,4958480,5908727,10867207,5908727,0,5908727, 0.45627915249980977,49.3936,65259935.5,301609015.5,597045365.5
redis_anonymized_trace_3.txt, HierarchicalCache,3000,27000,4762482,6104725,10867207,6104725,10867207, 0.4382434235401976,195836,5908889,6104725,5905963,195836,0.032079414,4958318,5908889,10867207,5908889,0,5908889, 0.45626424526559584,64.3278,65110001.5,301465561.5,596910011.5
redis_anonymized_trace_3.txt, HierarchicalCache,6000,24000,4802602,6064605,10867207,6064605,10867207, 0.44193526450724646,155520,5909085,6064605,5903209,155520, 0.025643879527190973,4958122,5909085,10867207,5909085,0,5909085, 0.4562462093525963,50.1207,64991013.5,301354413.5,596808663.5
redis_anonymized_trace_3.txt, HierarchicalCache,9000,21000,4834136,6033071,10867207,6033071,10867207, 0.44483702206095826,123862,5909209,6033071,5900924,123862, 0.020530505939678152,4957998,5909209,10867207,5909209,0,5909209, 0.45623479887702517,50.0373,64897279.5,301265639.5,596726089.5
redis_anonymized_trace_3.txt, HierarchicalCache,12000,18000,4861232,6005975,10867207,6005975,10867207, 0.4473303950131805,96731,5909244,6005975,5902511,96731,0.016105795,4957963,5909244,10867207,5909244,0,5909244, 0.45623157817827525,30.0813,64816236.5,301185996.5,596648196.5
redis_anonymized_trace_3.txt, HierarchicalCache,15000,15000,4880018,5987189,10867207,5987189,10867207, 0.4490590820622079,77958,5909231,5987189,5904783,77958, 0.013020801581510122,4957976,5909231,10867207,5909231,0,5909231, 0.4562327744378109,28.8241,64759787.5,301129027.5,596590577.5
redis_anonymized_trace_3.txt, HierarchicalCache,400,39600,4704677,6162530,10867207,6162530,10867207, 0.4329242095047973,287468,5875062,6162530,5874678,287468,0.046647724,4992145,5875062,10867207,5875062,0,5875062, 0.45937700459740943,30.14,65046627.5,300049107.5,593802207.5
redis_anonymized_trace_3.txt, HierarchicalCache,2000,38000,4729633,6137574,10867207,6137574,10867207, 0.43522065973345314,262289,5875285,6137574,5873353,262289, 0.042734963358486595,4991922,5875285,10867207,5875285,0,5875285, 0.4593564841453742,39.5687,64973320.5,299984720.5,593748970.5
redis_anonymized_trace_3.txt, HierarchicalCache,4000,36000,4781646,6085561,10867207,6085561,10867207, 0.44000689413572414,210118,5875443,6085561,5871533,210118,0.034527302,4991764,5875443,10867207,5875443,0,5875443, 0.4593419449910175,33.2675,64818387.5,299836107.5,593608257.5
redis_anonymized_trace_3.txt, HierarchicalCache,8000,32000,4822623,6044584,10867207,6044584,10867207, 0.4437775962121638,168896,5875688,6044584,5867884,168896, 0.027941707816451885,4991519,5875688,10867207,5875688,0,5875688, 0.45931940009976807,35.4796,64697171.5,299724691.5,593509091.5
redis_anonymized_trace_3.txt, HierarchicalCache,12000,28000,4861232,6005975,10867207,6005975,10867207, 0.4473303950131805,130172,5875803,6005975,5865430,130172, 0.021673749890733812,4991404,5875803,10867207,5875803,0,5875803, 0.45930881780387545,33.1171,64582149.5,299614269.5,593404419.5
redis_anonymized_trace_3.txt, HierarchicalCache,16000,24000,4886341,5980866,10867207,5980866,10867207, 0.44964092429637165,105007,5875859,5980866,5866791,105007,0.017557156,4991348,5875859,10867207,5875859,0,5875859, 0.4593036646858756,34.7378,64507214.5,299541574.5,593334524.5
redis_anonymized_trace_3.txt, HierarchicalCache,20000,20000,4913749,5953458,10867207,5953458,10867207, 0.45216300747745025,77689,5875769,5953458,5863172,77689, 0.013049390791032707,4991438,5875769,10867207,5875769,0,5875769, 0.4593119464826611,37.6318,64424360.5,299455120.5,593243570.5
redis_anonymized_trace_3.txt, HierarchicalCache,500,49500,4707659,6159548,10867207,6159548,10867207, 0.4331986130382903,313078,5846470,6159548,5845997,313078,0.05082808,5020737,5846470,10867207,5846470,0,5846470, 0.46200803941619956,35.0264,64837537.5,298696337.5,591019837.5
redis_anonymized_trace_3.txt, HierarchicalCache,2500,47500,4749879,6117328,10867207,6117328,10867207, 0.43708369593033425,270603,5846725,6117328,5844305,270603,0.04423549,5020482,5846725,10867207,5846725,0,5846725, 0.4619845743253073,33.0782,64712662.5,298581662.5,590917912.5
redis_anonymized_trace_3.txt, HierarchicalCache,5000,45000,4793872,6073335,10867207,6073335,10867207, 0.4411319302190526,226411,5846924,6073335,5842065,226411, 0.037279517760834865,5020283,5846924,10867207,5846924,0,5846924, 0.46196626235241495,33.0384,64582076.5,298459036.5,590805236.5
redis_anonymized_trace_3.txt, HierarchicalCache,10000,40000,4844841,6022366,10867207,6022366,10867207, 0.44582209577861176,175090,5847276,6022366,5837670,175090, 0.029073291128436898,5019931,5847276,10867207,5847276,0,5847276, 0.4619338713249872,62.5539,64431633.5,298322673.5,590686473.5
redis_anonymized_trace_3.txt, HierarchicalCache,15000,35000,4880018,5987189,10867207,5987189,10867207, 0.4490590820622079,139745,5847444,5987189,5834611,139745, 0.023340669552940452,5019763,5847444,10867207,5847444,0,5847444, 0.4619184119709876,37.6802,64327278.5,298225038.5,590597238.5
redis_anonymized_trace_3.txt, HierarchicalCache,20000,30000,4913749,5953458,10867207,5953458,10867207, 0.45216300747745025,106021,5847437,5953458,5834933,106021, 0.017808305693934517,5019770,5847437,10867207,5847437,0,5847437, 0.4619190561107376,36.1838,64226036.5,298123516.5,590495366.5
redis_anonymized_trace_3.txt, HierarchicalCache,25000,25000,4939389,5927818,10867207,5927818,10867207, 0.45452239936167593,80440,5847378,5927818,5829335,80440, 0.013569917295031663,5019829,5847378,10867207,5847378,0,5847378, 0.4619244852886303,36.6534,64148703.5,298043823.5,590412723.5
redis_anonymized_trace_3.txt, HierarchicalCache,600,59400,4708714,6158493,10867207,6158493,10867207, 0.4332956941006093,337414,5821079,6158493,5820517,337414,0.054788404,5046128,5821079,10867207,5821079,0,5821079, 0.46434451832931867,32.8582,64656635.5,297499795.5,588553745.5
redis_anonymized_trace_3.txt, HierarchicalCache,3000,57000,4762482,6104725,10867207,6104725,10867207, 0.4382434235401976,283383,5821342,6104725,5818444,283383, 0.046420272821462064,5045865,5821342,10867207,5821342,0,5821342, 0.46432031707871213,31.0679,64497172.5,297350852.5,588417952.5
redis_anonymized_trace_3.txt, HierarchicalCache,6000,54000,4802602,6064605,10867207,6064605,10867207, 0.44193526450724646,243001,5821604,6064605,5815791,243001, 0.040068726652436555,5045603,5821604,10867207,5821604,0,5821604, 0.4642962078480699,34.3341,64378646.5,297242806.5,588323006.5
redis_anonymized_trace_3.txt, HierarchicalCache,12000,48000,4861232,6005975,10867207,6005975,10867207, 0.4473303950131805,184056,5821919,6005975,5810444,184056, 0.030645482207301896,5045288,5821919,10867207,5821919,0,5821919, 0.4642672215593206,32.221,64204961.5,297081721.5,588177671.5
redis_anonymized_trace_3.txt, HierarchicalCache,18000,42000,4900475,5966732,10867207,5966732,10867207, 0.45094153447155283,144636,5822096,5966732,5806694,144636, 0.024240404965398143,5045111,5822096,10867207,5822096,0,5822096, 0.4642509340256425,31.5793,64088471.5,296972311.5,588077111.5
redis_anonymized_trace_3.txt, HierarchicalCache,24000,36000,4934850,5932357,10867207,5932357,10867207, 0.4541047207437937,110247,5822110,5932357,5805285,110247, 0.018584013065970236,5045097,5822110,10867207,5822110,0,5822110, 0.4642496457461425,32.1211,63985444.5,296869844.5,587975344.5
redis_anonymized_trace_3.txt, HierarchicalCache,30000,30000,4958718,5908489,10867207,5908489,10867207, 0.4563010532513092,86446,5822043,5908489,5798861,86446, 0.014630813394084343,5045164,5822043,10867207,5822043,0,5822043, 0.46425581108374947,31.448,63913371.5,296795091.5,587897241.5
redis_anonymized_trace_3.txt, HierarchicalCache,700,69300,4709344,6157863,10867207,6157863,10867207, 0.4333536666781078,359290,5798573,6157863,5797914,359290,0.05834654,5068634,5798573,10867207,5798573,0,5798573, 0.4664155196454802,30.8547,64497203.5,296440123.5,586368773.5
redis_anonymized_trace_3.txt, HierarchicalCache,3500,66500,4773227,6093980,10867207,6093980,10867207, 0.4392321780564224,295144,5798836,6093980,5795471,295144,0.048432059,5068371,5798836,10867207,5798836,0,5798836, 0.4663913183948737,31.0658,64307395.5,296260835.5,586202635.5
redis_anonymized_trace_3.txt, HierarchicalCache,7000,63000,4812257,6054950,10867207,6054950,10867207, 0.4428237172624024,255872,5799078,6054950,5792325,255872, 0.042258317574876754,5068129,5799078,10867207,5799078,0,5799078, 0.4663690495635171,31.344,64191999.5,296155119.5,586109019.5
redis_anonymized_trace_3.txt, HierarchicalCache,14000,56000,4873391,5993816,10867207,5993816,10867207,0.448449266,194360,5799456,5993816,5786170,194360, 0.032426754508313234,5067751,5799456,10867207,5799456,0,5799456,0.466334266,31.6094,64011243.5,295989483.5,585962283.5
redis_anonymized_trace_3.txt, HierarchicalCache,21000,49000,4919520,5947687,10867207,5947687,10867207, 0.4526940546913296,148093,5799594,5947687,5781671,148093, 0.024899259157383367,5067613,5799594,10867207,5799594,0,5799594, 0.4663215672619469,31.7791,63873822.5,295857582.5,585837282.5
redis_anonymized_trace_3.txt, HierarchicalCache,28000,42000,4951516,5915691,10867207,5915691,10867207, 0.45563832546854033,116049,5799642,5915691,5778443,116049,0.01961715,5067565,5799642,10867207,5799642,0,5799642, 0.4663171503036613,32.8858,63778170.5,295763850.5,585745950.5
redis_anonymized_trace_3.txt, HierarchicalCache,35000,35000,4976105,5891102,10867207,5891102,10867207, 0.4579010043703042,91501,5799601,5891102,5771554,91501, 0.015532068533187848,5067606,5799601,10867207,5799601,0,5799601, 0.4663209231221969,31.6377,63704116.5,295688156.5,585668206.5
redis_anonymized_trace_3.txt, HierarchicalCache,800,79200,4709876,6157331,10867207,6157331,10867207, 0.43340262129910656,379668,5777663,6157331,5776913,379668,0.061661132,5089544,5777663,10867207,5777663,0,5777663, 0.4683396570986455,31.5284,64349237.5,295455757.5,584338907.5
redis_anonymized_trace_3.txt, HierarchicalCache,4000,76000,4781646,6085561,10867207,6085561,10867207, 0.44000689413572414,307595,5777966,6085561,5774130,307595,0.050545052,5089241,5777966,10867207,5777966,0,5777966, 0.46831177504946764,33.3221,64136048.5,295254688.5,584152988.5
redis_anonymized_trace_3.txt, HierarchicalCache,8000,72000,4822623,6044584,10867207,6044584,10867207, 0.4437775962121638,266339,5778245,6044584,5770568,266339,0.04406242,5088962,5778245,10867207,5778245,0,5778245, 0.46828610147943256,31.5548,64015070.5,295144870.5,584057120.5
redis_anonymized_trace_3.txt, HierarchicalCache,16000,64000,4886341,5980866,10867207,5980866,10867207, 0.44964092429637165,202184,5778682,5980866,5763587,202184,0.033805138,5088525,5778682,10867207,5778682,0,5778682, 0.46824588875504075,33.0038,63826975.5,294974255.5,583908355.5
redis_anonymized_trace_3.txt, HierarchicalCache,24000,56000,4934850,5932357,10867207,5932357,10867207, 0.4541047207437937,153532,5778825,5932357,5757929,153532,0.025880438,5088382,5778825,10867207,5778825,0,5778825, 0.4682327299001482,34.8425,63682449.5,294835449.5,583776699.5
redis_anonymized_trace_3.txt, HierarchicalCache,32000,48000,4965795,5901412,10867207,5901412,10867207, 0.4569522785385426,122524,5778888,5901412,5753664,122524,0.020761811,5088319,5778888,10867207,5778888,0,5778888, 0.46822693264239834,34.4374,63590055.5,294745575.5,583689975.5
redis_anonymized_trace_3.txt, HierarchicalCache,40000,40000,4992220,5874987,10867207,5874987,10867207, 0.4593839060947307,96153,5778834,5874987,5745998,96153,0.016366504,5088373,5778834,10867207,5778834,0,5778834, 0.4682319017204697,34.9919,63510402.5,294663762.5,583605462.5
redis_anonymized_trace_3.txt, HierarchicalCache,900,89100,4710255,6156952,10867207,6156952,10867207,0.433437497,398694,5758258,6156952,5757415,398694,0.064755093,5108949,5758258,10867207,5758258,0,5758258, 0.47012530450556433,35.2949,64212265.5,294542585.5,582455485.5
redis_anonymized_trace_3.txt, HierarchicalCache,4500,85500,4788266,6078941,10867207,6078941,10867207,0.440616066,320382,5758559,6078941,5754267,320382,0.052703588,5108648,5758559,10867207,5758559,0,5758559,0.470097606,34.616,63980339.5,294322699.5,582250649.5
redis_anonymized_trace_3.txt, HierarchicalCache,9000,81000,4834136,6033071,10867207,6033071,10867207, 0.44483702206095826,274196,5758875,6033071,5750274,274196,0.045448827,5108332,5758875,10867207,5758875,0,5758875, 0.4700685281876015,35.962,63844941.5,294199941.5,582143691.5
redis_anonymized_trace_3.txt, HierarchicalCache,18000,72000,4900475,5966732,10867207,5966732,10867207, 0.45094153447155283,207403,5759329,5966732,5742443,207403,0.034759899,5107878,5759329,10867207,5759329,0,5759329, 0.4700267511238168,40.9018,63649102.5,294022262.5,581988712.5
redis_anonymized_trace_3.txt, HierarchicalCache,27000,63000,4947771,5919436,10867207,5919436,10867207, 0.4552937107022991,159905,5759531,5919436,5735574,159905,0.027013553,5107676,5759531,10867207,5759531,0,5759531, 0.4700081630910316,34.7895,63508628.5,293889868.5,581866418.5
redis_anonymized_trace_3.txt, HierarchicalCache,36000,54000,4979674,5887533,10867207,5887533,10867207, 0.45822942362283153,127926,5759607,5887533,5730272,127926, 0.021728285854193938,5107600,5759607,10867207,5759607,0,5759607, 0.47000116957374605,34.9146,63413451.5,293797731.5,581778081.5
redis_anonymized_trace_3.txt, HierarchicalCache,45000,45000,5006840,5860367,10867207,5860367,10867207, 0.46072923797255355,100834,5759533,5860367,5722177,100834, 0.017206089652747003,5107674,5759533,10867207,5759533,0,5759533, 0.47000797905110303,33.579,63331435.5,293712755.5,581689405.5
redis_anonymized_trace_3.txt, HierarchicalCache,1000,99000,4710496,6156711,10867207,6156711,10867207, 0.43345967367696225,416540,5740171,6156711,5739239,416540,0.067656253,5127036,5740171,10867207,5740171,0,5740171, 0.47178966959955765,33.6441,64084933.5,293691773.5,580700323.5
redis_anonymized_trace_3.txt, HierarchicalCache,5000,95000,4793872,6073335,10867207,6073335,10867207, 0.4411319302190526,332850,5740485,6073335,5735714,332850, 0.054805144125920933,5126722,5740485,10867207,5740485,0,5740485, 0.47176077533077265,34.2545,63837003.5,293456403.5,580480653.5
redis_anonymized_trace_3.txt, HierarchicalCache,10000,90000,4844841,6022366,10867207,6022366,10867207, 0.44582209577861176,281567,5740799,6022366,5731246,281567,0.046753552,5126408,5740799,10867207,5740799,0,5740799, 0.4717318810619877,33.4423,63686294.5,293318254.5,580358204.5
redis_anonymized_trace_3.txt, HierarchicalCache,20000,80000,4913749,5953458,10867207,5953458,10867207, 0.45216300747745025,212187,5741271,5953458,5722580,212187,0.035640967,5125936,5741271,10867207,5741271,0,5741271, 0.47168844763884593,33.1411,63482874.5,293133714.5,580197264.5
redis_anonymized_trace_3.txt, HierarchicalCache,30000,70000,4958718,5908489,10867207,5908489,10867207, 0.4563010532513092,166991,5741498,5908489,5714577,166991, 0.028262894286508786,5125709,5741498,10867207,5741498,0,5741498, 0.4716675591069536,31.9637,63349556.5,293009476.5,580084376.5
redis_anonymized_trace_3.txt, HierarchicalCache,40000,60000,4992220,5874987,10867207,5874987,10867207, 0.4593839060947307,133428,5741559,5874987,5708197,133428, 0.022711199190738635,5125648,5741559,10867207,5741559,0,5741559, 0.47166194588913235,36.5088,63249477.5,292911837.5,579989787.5
redis_anonymized_trace_3.txt, HierarchicalCache,50000,50000,5020778,5846429,10867207,5846429,10867207, 0.4620118122347352,104932,5741497,5846429,5699518,104932,0.01794805,5125710,5741497,10867207,5741497,0,5741497, 0.4716676511269179,32.8249,63163369.5,292823249.5,579898099.5
redis_anonymized_trace_3.txt, HierarchicalCache,2000,198000,4729633,6137574,10867207,6137574,10867207, 0.43522065973345314,591263,5546311,6137574,5544469,591263,0.096334969,5320896,5546311,10867207,5546311,0,5546311, 0.48962865987553195,33.6765,62670502.5,284522942.5,561838492.5
redis_anonymized_trace_3.txt, HierarchicalCache,10000,190000,4844841,6022366,10867207,6022366,10867207, 0.44582209577861176,474491,5547875,6022366,5538651,474491,0.078788137,5319332,5547875,10867207,5547875,0,5547875, 0.48948474065139275,34.2634,62335826.5,284250826.5,561644576.5
redis_anonymized_trace_3.txt, HierarchicalCache,20000,180000,4913749,5953458,10867207,5953458,10867207, 0.45216300747745025,404030,5549428,5953458,5530950,404030,0.06786476,5317779,5549428,10867207,5549428,0,5549428, 0.4893418336468607,34.1098,62139973.5,284117093.5,561588493.5
redis_anonymized_trace_3.txt, HierarchicalCache,40000,160000,4992220,5874987,10867207,5874987,10867207, 0.4593839060947307,323197,5551790,5874987,5514550,323197,0.055012377,5315417,5551790,10867207,5551790,0,5551790, 0.48912448249122337,34.4335,61921094.5,283992694.5,561582194.5
redis_anonymized_trace_3.txt, HierarchicalCache,60000,140000,5046211,5820996,10867207,5820996,10867207, 0.46435215598635415,267814,5553182,5820996,5497578,267814, 0.046008277621218084,5314025,5553182,10867207,5553182,0,5553182, 0.4889963907009409,33.8294,61768865.5,283896145.5,561555245.5
redis_anonymized_trace_3.txt, HierarchicalCache,80000,120000,5089633,5777574,10867207,5777574,10867207, 0.4683478468754667,223680,5553894,5777574,5483214,223680,0.038715212,5313313,5553894,10867207,5553894,0,5553894, 0.4889308724863711,35.4775,61643583.5,283799343.5,561494043.5
redis_anonymized_trace_3.txt, HierarchicalCache,100000,100000,5127158,5740049,10867207,5740049,10867207, 0.4718008960352002,185978,5554071,5740049,5467528,185978,0.032400072,5313136,5554071,10867207,5554071,0,5554071,0.488914585,56.036,61532247.5,283695087.5,561398637.5
redis_anonymized_trace_3.txt, HierarchicalCache,3000,297000,4762482,6104725,10867207,6104725,10867207, 0.4382434235401976,4762397,1342328,6104725,1341626,4762397, 0.7801165490665017,9524879,1342328,10867207,1342328,0,1342328, 0.8764790253834311,34.6618,33144074.5,86837194.5,153953594.5
redis_anonymized_trace_3.txt, HierarchicalCache,15000,285000,4880018,5987189,10867207,5987189,10867207, 0.4490590820622079,4619082,1368107,5987189,1364928,4619082, 0.7714942688463652,9499100,1368107,10867207,1368107,0,1368107,0.874106843,38.3401,32971919.5,87696199.5,156101549.5
redis_anonymized_trace_3.txt, HierarchicalCache,30000,270000,4958718,5908489,10867207,5908489,10867207, 0.4563010532513092,4471573,1436916,5908489,1430325,4471573, 0.7568048277656098,9430291,1436916,10867207,1436916,0,1436916, 0.8677750410017956,38.3322,33217482.5,90694122.5,162539922.5
redis_anonymized_trace_3.txt, HierarchicalCache,60000,240000,5046211,5820996,10867207,5820996,10867207, 0.46435215598635415,3695223,2125773,5820996,2104554,3695223,0.634809404,8741434,2125773,10867207,2125773,0,2125773, 0.8043864444654455,39.5707,37777002.5,122807922.5,229096572.5
redis_anonymized_trace_3.txt, HierarchicalCache,90000,210000,5109032,5758175,10867207,5758175,10867207, 0.4701329421625998,2746615,3011560,5758175,2969502,2746615, 0.47699401285997733,7855647,3011560,10867207,3011560,0,3011560,0.722876356,38.2706,43789048.5,164251448.5,314829448.5
redis_anonymized_trace_3.txt, HierarchicalCache,120000,180000,5162128,5705079,10867207,5705079,10867207, 0.4750188341861897,2121228,3583851,5705079,3557307,2121228, 0.3718139573527378,7283356,3583851,10867207,3583851,0,3583851, 0.6702141589830763,39.1172,47635797.5,190989837.5,370182387.5
redis_anonymized_trace_3.txt, HierarchicalCache,150000,150000,5215816,5651391,10867207,5651391,10867207, 0.47995920202863535,2246428,3404963,5651391,5501383,2246428, 0.39750001371343796,7462244,3404963,10867207,3404963,0,3404963,0.686675426,37.3027,46222517.5,182421037.5,352669187.5
redis_anonymized_trace_3.txt, HierarchicalCache,4000,396000,4781646,6085561,10867207,6085561,10867207, 0.44000689413572414,4988911,1096650,6085561,1095869,4988911, 0.8197947568022077,9770557,1096650,10867207,1096650,0,1096650, 0.8990863061686412,34.0145,31366836.5,75232836.5,130065336.5
redis_anonymized_trace_3.txt, HierarchicalCache,20000,380000,4913749,5953458,10867207,5953458,10867207, 0.45216300747745025,4844482,1108976,5953458,1105651,4844482, 0.8137257372102062,9758231,1108976,10867207,1108976,0,1108976, 0.8979520680888843,36.6762,31056809.5,75415849.5,130864649.5
redis_anonymized_trace_3.txt, HierarchicalCache,40000,360000,4992220,5874987,10867207,5874987,10867207, 0.4593839060947307,4736818,1138169,5874987,1131388,4736818, 0.8062686777009038,9729038,1138169,10867207,1138169,0,1138169, 0.8952657292715599,48.5159,31025747.5,76552507.5,133460957.5
redis_anonymized_trace_3.txt, HierarchicalCache,80000,320000,5089633,5777574,10867207,5777574,10867207, 0.4683478468754667,4582769,1194805,5777574,1180092,4582769, 0.7931995332296912,9672402,1194805,10867207,1194805,0,1194805, 0.8900540865744069,65.8854,31129960.5,78922160.5,138662410.5
redis_anonymized_trace_3.txt, HierarchicalCache,120000,280000,5162128,5705079,10867207,5705079,10867207, 0.4750188341861897,4380140,1324939,5705079,1300697,4380140, 0.7677614981317524,9542268,1324939,10867207,1324939,0,1324939, 0.8780791605423546,37.715,31823413.5,84820973.5,151067923.5
redis_anonymized_trace_3.txt, HierarchicalCache,160000,240000,5234572,5632635,10867207,5632635,10867207, 0.48168512847873424,4211923,1420712,5632635,1505048,4211923, 0.7477713361508423,9446495,1420712,10867207,1420712,0,1420712, 0.8692661325030433,38.4016,32276492.5,89104972.5,160140572.5
redis_anonymized_trace_3.txt, HierarchicalCache,200000,200000,5321392,5545815,10867207,5545815,10867207, 0.4896743017778165,4148483,1397332,5545815,5345807,4148483, 0.7480384758597248,9469875,1397332,10867207,1397332,0,1397332, 0.8714175592679886,39.9096,31852372.5,87745652.5,157612252.5
redis_anonymized_trace_3.txt, HierarchicalCache,5000,495000,4793872,6073335,10867207,6073335,10867207, 0.4411319302190526,5037181,1036154,6073335,1035295,5037181, 0.8293929118021647,9831053,1036154,10867207,1036154,0,1036154, 0.9046531459279279,35.0354,30906686.5,72352846.5,124160546.5
redis_anonymized_trace_3.txt, HierarchicalCache,25000,475000,4939389,5927818,10867207,5927818,10867207, 0.45452239936167593,4885289,1042529,5927818,1038827,4885289,0.824129385,9824678,1042529,10867207,1042529,0,1042529, 0.9040665186556215,34.0456,30514760.5,72215920.5,124342370.5
redis_anonymized_trace_3.txt, HierarchicalCache,50000,450000,5020778,5846429,10867207,5846429,10867207, 0.4620118122347352,4795116,1051313,5846429,1043659,4795116, 0.8201786081726127,9815894,1051313,10867207,1051313,0,1051313, 0.9032582152893563,32.2716,30332081.5,72384601.5,124950251.5
redis_anonymized_trace_3.txt, HierarchicalCache,100000,400000,5127158,5740049,10867207,5740049,10867207, 0.4718008960352002,4662191,1077858,5740049,1061866,4662191, 0.8122214636146834,9789349,1077858,10867207,1077858,0,1077858, 0.9008155453374542,35.4155,30198756.5,73313076.5,127205976.5
redis_anonymized_trace_3.txt, HierarchicalCache,150000,350000,5215816,5651391,10867207,5651391,10867207, 0.47995920202863535,4529602,1121789,5651391,1096215,4529602, 0.8015021434545937,9745418,1121789,10867207,1121789,0,1121789, 0.8967730162865215,57.6016,30240299.5,75111859.5,131201309.5
redis_anonymized_trace_3.txt, HierarchicalCache,200000,300000,5321392,5545815,10867207,5545815,10867207, 0.4896743017778165,4353432,1192383,5545815,1161795,4353432, 0.7849940901382394,9674824,1192383,10867207,1192383,0,1192383, 0.8902769589279012,33.0439,30417729.5,78113049.5,137732199.5
redis_anonymized_trace_3.txt, HierarchicalCache,250000,250000,6490516,4376691,10867207,4376691,10867207, 0.5972570505006484,3169575,1207116,4376691,1869285,3169575, 0.7241943742430069,9660091,1207116,10867207,1207116,0,1207116, 0.8889212287941143,29.0185,27013488.5,75298128.5,135653928.5
redis_anonymized_trace_3.txt, HierarchicalCache,6000,594000,4802602,6064605,10867207,6064605,10867207, 0.44193526450724646,5050116,1014489,6064605,1013518,5050116,0.832719691,9852718,1014489,10867207,1014489,0,1014489, 0.9066467584541271,31.9082,30728841.5,71308401.5,122032851.5
redis_anonymized_trace_3.txt, HierarchicalCache,30000,570000,4958718,5908489,10867207,5908489,10867207, 0.4563010532513092,4890851,1017638,5908489,1013441,4890851, 0.8277667945222543,9849569,1017638,10867207,1017638,0,1017638, 0.9063569875865989,31.9585,30282536.5,70988056.5,121869956.5
redis_anonymized_trace_3.txt, HierarchicalCache,60000,540000,5046211,5820996,10867207,5820996,10867207, 0.46435215598635415,4798526,1022470,5820996,1013857,4798526, 0.8243479294608689,9844737,1022470,10867207,1022470,0,1022470, 0.9059123471191816,53.0908,30053881.5,70952681.5,122076181.5
redis_anonymized_trace_3.txt, HierarchicalCache,120000,480000,5162128,5705079,10867207,5705079,10867207, 0.4750188341861897,4669232,1035847,5705079,1017865,4669232, 0.8184342407879015,9831360,1035847,10867207,1035847,0,1035847,0.904681396,34.0748,29799769.5,71233649.5,123025999.5
redis_anonymized_trace_3.txt, HierarchicalCache,180000,420000,5274078,5593129,10867207,5593129,10867207, 0.4853204691877131,4535208,1057921,5593129,1029215,4535208, 0.8108534596645277,9809286,1057921,10867207,1057921,0,1057921, 0.9026501473653717,31.2986,29618437.5,71935277.5,124831327.5
redis_anonymized_trace_3.txt, HierarchicalCache,240000,360000,5677794,5189413,10867207,5189413,10867207, 0.5224704010883385,4095090,1094323,5189413,1053014,4095090,0.789123934,9772884,1094323,10867207,1094323,0,1094323, 0.8993004366255285,30.9468,28662103.5,72435023.5,127151173.5
redis_anonymized_trace_3.txt, HierarchicalCache,300000,300000,9531008,1336199,10867207,1336199,10867207, 0.8770430157445239,310496,1025703,1336199,863454,310496,0.232372573,9841504,1025703,10867207,1025703,0,1025703, 0.9056148465746534,18.6222,16622121.5,57650241.5,108935391.5
redis_anonymized_trace_3.txt, HierarchicalCache,7000,693000,4812257,6054950,10867207,6054950,10867207, 0.4428237172624024,5049197,1005753,6054950,1004660,5049197, 0.8338957381976729,9861454,1005753,10867207,1005753,0,1005753, 0.9074506448621067,34.7582,30638724.5,70868844.5,121156494.5
redis_anonymized_trace_3.txt, HierarchicalCache,35000,665000,4976105,5891102,10867207,5891102,10867207, 0.4579010043703042,4883868,1007234,5891102,1002542,4883868, 0.8290245186723978,9859973,1007234,10867207,1007234,0,1007234,0.907314363,61.1474,30157547.5,70446907.5,120808607.5
redis_anonymized_trace_3.txt, HierarchicalCache,70000,630000,5068738,5798469,10867207,5798469,10867207, 0.46642508972176566,4788855,1009614,5798469,999805,4788855, 0.8258826597158664,9857593,1009614,10867207,1009614,0,1009614, 0.9070953557800087,37.3224,29896308.5,70280868.5,120761568.5
redis_anonymized_trace_3.txt, HierarchicalCache,140000,560000,5197772,5669435,10867207,5669435,10867207, 0.4782987937931062,4652456,1016979,5669435,996827,4652456, 0.8206207496866972,9850228,1016979,10867207,1016979,0,1016979, 0.9064176287430615,37.3215,29560761.5,70239921.5,121088871.5
redis_anonymized_trace_3.txt, HierarchicalCache,210000,490000,5350014,5517193,10867207,5517193,10867207, 0.49230809719553514,4487780,1029413,5517193,997268,4487780,0.813417258,9837794,1029413,10867207,1029413,0,1029413, 0.9052734525071622,67.9118,29191073.5,70367593.5,121838243.5
redis_anonymized_trace_3.txt, HierarchicalCache,280000,420000,9458303,1408904,10867207,1408904,10867207, 0.8703527042413014,396531,1012373,1408904,861470,396531, 0.2814464292812001,9854834,1012373,10867207,1012373,0,1012373, 0.9068414726985508,20.9343,16746926.5,57241846.5,107860496.5
redis_anonymized_trace_3.txt, HierarchicalCache,350000,350000,9702337,1164870,10867207,1164870,10867207, 0.8928087042052295,156274,1008596,1164870,742118,156274, 0.13415574270090225,9858611,1008596,10867207,1008596,0,1008596, 0.9071890321036491,19.2583,15988385.5,56332225.5,106762025.5
redis_anonymized_trace_3.txt, HierarchicalCache,8000,792000,4822623,6044584,10867207,6044584,10867207, 0.4437775962121638,5042152,1002432,6044584,1001280,5042152, 0.8341602995342607,9864775,1002432,10867207,1002432,0,1002432, 0.9077562431634918,41.1876,30584379.5,70681659.5,120803259.5
redis_anonymized_trace_3.txt, HierarchicalCache,40000,760000,4992220,5874987,10867207,5874987,10867207, 0.4593839060947307,4871785,1003202,5874987,997875,4871785, 0.8292418349181028,9864005,1003202,10867207,1003202,0,1003202, 0.9076853877909936,48.8906,30080978.5,70209058.5,120369158.5
redis_anonymized_trace_3.txt, HierarchicalCache,80000,720000,5089633,5777574,10867207,5777574,10867207, 0.4683478468754667,4773362,1004212,5777574,993139,4773362, 0.8261879467056588,9862995,1004212,10867207,1004212,0,1004212, 0.9075924476270674,62.2704,29795809.5,69964289.5,120174889.5
redis_anonymized_trace_3.txt, HierarchicalCache,160000,640000,5234572,5632635,10867207,5632635,10867207, 0.48168512847873424,4624835,1007800,5632635,985117,4624835, 0.8210784117912842,9859407,1007800,10867207,1007800,0,1007800, 0.9072622799952187,36.2184,29386108.5,69698108.5,120088108.5
redis_anonymized_trace_3.txt, HierarchicalCache,240000,560000,5677794,5189413,10867207,5189413,10867207, 0.5224704010883385,4174628,1014785,5189413,978167,4174628, 0.8044509080314093,9852422,1014785,10867207,1014785,0,1014785, 0.9066195205446993,59.6075,28105337.5,68696737.5,119435987.5
redis_anonymized_trace_3.txt, HierarchicalCache,320000,480000,9625449,1241758,10867207,1241758,10867207, 0.8857334731914097,237350,1004408,1241758,779743,237350, 0.19114030269988194,9862799,1004408,10867207,1004408,0,1004408, 0.9075744117140678,20.8157,16189733.5,56366053.5,106586453.5
redis_anonymized_trace_3.txt, HierarchicalCache,400000,400000,9773137,1094070,10867207,1094070,10867207, 0.8993237176764922,90742,1003328,1094070,658645,90742,0.082939848,9863879,1003328,10867207,1003328,0,1003328, 0.9076737932754939,22.8206,15739109.5,55872229.5,106038629.5
redis_anonymized_trace_3.txt, HierarchicalCache,9000,891000,4834136,6033071,10867207,6033071,10867207, 0.44483702206095826,5032049,1001022,6033071,999748,5032049, 0.8340775369625187,9866185,1001022,10867207,1001022,0,1001022, 0.9078859913131313,43.725,30539970.5,70580850.5,120631950.5
redis_anonymized_trace_3.txt, HierarchicalCache,45000,855000,5006840,5860367,10867207,5860367,10867207, 0.46072923797255355,4859013,1001354,5860367,995356,4859013, 0.8291311789858895,9865853,1001354,10867207,1001354,0,1001354, 0.9078554406849892,60.3271,30024182.5,70078342.5,120146042.5
redis_anonymized_trace_3.txt, HierarchicalCache,90000,810000,5109032,5758175,10867207,5758175,10867207, 0.4701329421625998,4756324,1001851,5758175,989519,4756324, 0.8260124084453841,9865356,1001851,10867207,1001851,0,1001851, 0.9078097067627404,37.6105,29721085.5,69795125.5,119887675.5
redis_anonymized_trace_3.txt, HierarchicalCache,180000,720000,5274078,5593129,10867207,5593129,10867207, 0.4853204691877131,4589293,1003836,5593129,978435,4589293, 0.8205233600011729,9863371,1003836,10867207,1003836,0,1003836,0.907627047,60.3005,29239842.5,69393282.5,119585082.5
redis_anonymized_trace_3.txt, HierarchicalCache,270000,630000,9299439,1567768,10867207,1567768,10867207, 0.8557340446353879,564903,1002865,1567768,874655,564903, 0.36032308351745923,9864342,1002865,10867207,1002865,0,1002865,0.907716399,25.8404,17156962.5,57271562.5,107414812.5
redis_anonymized_trace_3.txt, HierarchicalCache,360000,540000,9716864,1150343,10867207,1150343,10867207, 0.8941454782263741,148649,1001694,1150343,715560,148649, 0.12922145829548232,9865513,1001694,10867207,1001694,0,1001694, 0.9078241538971329,18.9336,15896490.5,55964250.5,106048950.5
redis_anonymized_trace_3.txt, HierarchicalCache,450000,450000,9811556,1055651,10867207,1055651,10867207,0.902859033,54356,1001295,1055651,589437,54356,0.051490502,9865912,1001295,10867207,1001295,0,1001295,0.90786087,19.0167,15609621.5,55661421.5,105726171.5
redis_anonymized_trace_3.txt, HierarchicalCache,10000,990000,4844841,6022366,10867207,6022366,10867207, 0.44582209577861176,5021807,1000559,6022366,999165,5021807, 0.8338594831333732,9866648,1000559,10867207,1000559,0,1000559, 0.9079285965565945,33.6363,30504614.5,70526974.5,120554924.5
redis_anonymized_trace_3.txt, HierarchicalCache,50000,950000,5020778,5846429,10867207,5846429,10867207, 0.4620118122347352,4845793,1000636,5846429,993931,4845793, 0.8288466344156408,9866571,1000636,10867207,1000636,0,1000636, 0.9079215110193447,72.6928,29977342.5,70002782.5,120034582.5
redis_anonymized_trace_3.txt, HierarchicalCache,100000,900000,5127158,5740049,10867207,5740049,10867207, 0.4718008960352002,4739186,1000863,5740049,987329,4739186, 0.8256351121741295,9866344,1000863,10867207,1000863,0,1000863, 0.9079006224874524,40.2936,29659791.5,69694311.5,119737461.5
redis_anonymized_trace_3.txt, HierarchicalCache,200000,800000,5321392,5545815,10867207,5545815,10867207, 0.4896743017778165,4544004,1001811,5545815,973691,4544004, 0.8193572991526042,9865396,1001811,10867207,1001811,0,1001811, 0.9078133875613118,60.8281,29083725.5,69156165.5,119246715.5
redis_anonymized_trace_3.txt, HierarchicalCache,300000,700000,9531008,1336199,10867207,1336199,10867207, 0.8770430157445239,335189,1001010,1336199,810547,335189, 0.2508526050386207,9866197,1001010,10867207,1001010,0,1001010, 0.9078870955527027,19.0959,16449270.5,56489670.5,106540170.5
redis_anonymized_trace_3.txt, HierarchicalCache,400000,600000,9773137,1094070,10867207,1094070,10867207, 0.8993237176764922,93402,1000668,1094070,655629,93402,0.085371137,9866539,1000668,10867207,1000668,0,1000668, 0.9079185663804876,19.3,15720489.5,55747209.5,105780609.5
redis_anonymized_trace_3.txt, HierarchicalCache,500000,500000,9832433,1034774,10867207,1034774,10867207,0.904780133,34199,1000575,1034774,527940,34199,0.033049729,9866632,1000575,10867207,1000575,0,1000575,0.907927124,20.1646,15541950.5,55564950.5,105593700.5
redis_anonymized_trace_4.txt, HierarchicalCache,10,990,678732,425962,1104694,425962,1104694, 0.6144072476178923,398611,27351,425962,27351,398611, 0.9357900469994976,1077343,27351,1104694,27351,0,27351, 0.9752411074922105,2.2573,2021690,3115730,4483280
redis_anonymized_trace_4.txt, HierarchicalCache,50,950,1070872,33822,1104694,33822,1104694, 0.9693833767541057,6466,27356,33822,27439,6466, 0.19117734019277394,1077338,27356,1104694,27356,0,27356,0.975236581,1.3846,845305,1939545,3307345
redis_anonymized_trace_4.txt, HierarchicalCache,100,900,1074153,30541,1104694,30541,1104694, 0.9723534299996198,3190,27351,30541,27307,3190, 0.10444975606561671,1077343,27351,1104694,27351,0,27351, 0.9752411074922105,1.4972,835427,1929467,3297017
redis_anonymized_trace_4.txt, HierarchicalCache,200,800,1075355,29339,1104694,29339,1104694, 0.9734415141206524,1980,27359,29339,27222,1980,0.067486963,1077335,27359,1104694,27359,0,27359, 0.9752338656677777,1.3854,831877,1926237,3294187
redis_anonymized_trace_4.txt, HierarchicalCache,300,700,1075960,28734,1104694,28734,1104694, 0.9739891770933852,1381,27353,28734,27222,1381,0.04806153,1077341,27353,1104694,27353,0,27353, 0.9752392970361023,1.3923,830020,1924140,3291790
redis_anonymized_trace_4.txt, HierarchicalCache,400,600,1076265,28429,1104694,28429,1104694, 0.9742652716498867,1074,27355,28429,27091,1074, 0.037778324949875125,1077339,27355,1104694,27355,0,27355, 0.9752374865799941,1.3613,829119,1923319,3291069
redis_anonymized_trace_4.txt, HierarchicalCache,500,500,1076493,28201,1104694,28201,1104694, 0.9744716636462224,846,27355,28201,26961,846, 0.029998936207935888,1077339,27355,1104694,27355,0,27355, 0.9752374865799941,1.3908,828435,1922635,3290385
redis_anonymized_trace_4.txt, HierarchicalCache,20,1980,917183,187511,1104694,187511,1104694, 0.8302597823469666,161497,26014,187511,26013,161497, 0.8612668056807334,1078680,26014,1104694,26014,0,26014, 0.9764513974005471,1.6486,1296978,2337538,3638238
redis_anonymized_trace_4.txt, HierarchicalCache,100,1900,1074153,30541,1104694,30541,1104694, 0.9723534299996198,4529,26012,30541,25952,4529, 0.14829245931698373,1078682,26012,1104694,26012,0,26012, 0.9764532078566553,1.3623,826054,1866534,3167134
redis_anonymized_trace_4.txt, HierarchicalCache,200,1800,1075355,29339,1104694,29339,1104694, 0.9734415141206524,3313,26026,29339,25850,3313, 0.11292136746310372,1078668,26026,1104694,26026,0,26026, 0.9764405346638979,1.2546,822546,1863586,3164886
redis_anonymized_trace_4.txt, HierarchicalCache,400,1600,1076265,28429,1104694,28429,1104694, 0.9742652716498867,2391,26038,28429,25716,2391,0.08410426,1078656,26038,1104694,26038,0,26038, 0.9764296719272486,1.2,819900,1861420,3163320
redis_anonymized_trace_4.txt, HierarchicalCache,600,1400,1076724,27970,1104694,27970,1104694, 0.9746807713267204,1929,26041,27970,25500,1929,0.06896675,1078653,26041,1104694,26041,0,26041, 0.9764269562430863,1.2047,818544,1860184,3162234
redis_anonymized_trace_4.txt, HierarchicalCache,800,1200,1077063,27631,1104694,27631,1104694, 0.9749876436370615,1581,26050,27631,25354,1581,0.057218342,1078644,26050,1104694,26050,0,26050, 0.9764188091905994,1.2019,817590,1859590,3162090
redis_anonymized_trace_4.txt, HierarchicalCache,1000,1000,1077360,27334,1104694,27334,1104694, 0.9752564963691303,1285,26049,27334,25196,1285,0.047011049,1078645,26049,1104694,26049,0,26049, 0.9764197144186535,1.2036,816692,1858652,3161102
redis_anonymized_trace_4.txt, HierarchicalCache,30,2970,1038892,65802,1104694,65802,1104694, 0.9404341835838703,40806,24996,65802,24995,40806, 0.6201331266526853,1079698,24996,1104694,24996,0,24996, 0.9773729195596247,1.313,924725,1924565,3174365
redis_anonymized_trace_4.txt, HierarchicalCache,150,2850,1074856,29838,1104694,29838,1104694, 0.9729898053216547,4841,24997,29838,24880,4841, 0.1622427776660634,1079697,24997,1104694,24997,0,24997, 0.9773720143315705,1.2461,816840,1816720,3066570
redis_anonymized_trace_4.txt, HierarchicalCache,300,2700,1075960,28734,1104694,28734,1104694, 0.9739891770933852,3728,25006,28734,24753,3728, 0.1297417693324981,1079688,25006,1104694,25006,0,25006, 0.9773638672790836,1.2215,813591,1813831,3064131
redis_anonymized_trace_4.txt, HierarchicalCache,600,2400,1076724,27970,1104694,27970,1104694, 0.9746807713267204,2929,25041,27970,24511,2929, 0.10471934215230604,1079653,25041,1104694,25041,0,25041,0.977332184,1.3938,811544,1813184,3065234
redis_anonymized_trace_4.txt, HierarchicalCache,900,2100,1077215,27479,1104694,27479,1104694, 0.9751252383012853,2423,25056,27479,24251,2423,0.088176426,1079638,25056,1104694,25056,0,25056, 0.9773186058763784,1.6884,810176,1812416,3065216
redis_anonymized_trace_4.txt, HierarchicalCache,1200,1800,1077691,27003,1104694,27003,1104694, 0.9755561268550386,1939,25064,27003,24016,1939,0.071806836,1079630,25064,1104694,25064,0,25064, 0.9773113640519456,1.8872,808804,1811364,3064564
redis_anonymized_trace_4.txt, HierarchicalCache,1500,1500,1078075,26619,1104694,26619,1104694, 0.9759037344278144,1555,25064,26619,23787,1555, 0.058416920244937824,1079630,25064,1104694,25064,0,25064, 0.9773113640519456,1.503,807652,1810212,3063412
redis_anonymized_trace_4.txt, HierarchicalCache,40,3960,1065993,38701,1104694,38701,1104694, 0.9649667690781338,14566,24135,38701,24132,14566, 0.37637270354771196,1080559,24135,1104694,24135,0,24135, 0.9781523209142079,1.4832,837395,1802795,3009545
redis_anonymized_trace_4.txt, HierarchicalCache,200,3800,1075355,29339,1104694,29339,1104694, 0.9734415141206524,5193,24146,29339,23979,5193, 0.17699989774702615,1080548,24146,1104694,24146,0,24146, 0.9781423634056128,1.3434,809386,1775226,2982526
redis_anonymized_trace_4.txt, HierarchicalCache,400,3600,1076265,28429,1104694,28429,1104694, 0.9742652716498867,4262,24167,28429,23842,4262, 0.14991733792957895,1080527,24167,1104694,24167,0,24167, 0.9781233536164766,1.4545,806803,1773483,2981833
redis_anonymized_trace_4.txt, HierarchicalCache,800,3200,1077063,27631,1104694,27631,1104694, 0.9749876436370615,3425,24206,27631,23520,3425, 0.12395497810430314,1080488,24206,1104694,24206,0,24206, 0.9780880497223665,1.5067,804682,1772922,2983222
redis_anonymized_trace_4.txt, HierarchicalCache,1200,2800,1077691,27003,1104694,27003,1104694, 0.9755561268550386,2771,24232,27003,23163,2771, 0.10261822760434026,1080462,24232,1104694,24232,0,24232, 0.9780645137929599,1.5418,802980,1772260,2983860
redis_anonymized_trace_4.txt, HierarchicalCache,1600,2400,1078216,26478,1104694,26478,1104694,0.976031372,2231,24247,26478,22870,2231,0.08425863,1080447,24247,1104694,24247,0,24247, 0.9780509353721483,1.3364,801510,1771390,2983740
redis_anonymized_trace_4.txt, HierarchicalCache,2000,2000,1078697,25997,1104694,25997,1104694, 0.9764667862774669,1752,24245,25997,22551,1752,0.067392391,1080449,24245,1104694,24245,0,24245, 0.9780527458282565,1.4122,800053,1769853,2982103
redis_anonymized_trace_4.txt, HierarchicalCache,50,4950,1070872,33822,1104694,33822,1104694, 0.9693833767541057,10541,23281,33822,23276,10541, 0.31166104902134706,1081413,23281,1104694,23281,0,23281, 0.9789253856724125,1.3927,816780,1748020,2912070
redis_anonymized_trace_4.txt, HierarchicalCache,250,4750,1075702,28992,1104694,28992,1104694, 0.9737556282554264,5693,23299,28992,23100,5693, 0.19636451434878588,1081395,23299,1104694,23299,0,23299, 0.9789090915674385,1.4477,802416,1734376,2899326
redis_anonymized_trace_4.txt, HierarchicalCache,500,4500,1076493,28201,1104694,28201,1104694, 0.9744716636462224,4854,23347,28201,22936,4854, 0.17212155597319245,1081347,23347,1104694,23347,0,23347, 0.9788656406208416,1.3487,800379,1734259,2901609
redis_anonymized_trace_4.txt, HierarchicalCache,1000,4000,1077360,27334,1104694,27334,1104694, 0.9752564963691303,3925,23409,27334,22555,3925, 0.14359405868149558,1081285,23409,1104694,23409,0,23409, 0.9788095164814872,1.5043,798212,1734572,2905022
redis_anonymized_trace_4.txt, HierarchicalCache,1500,3500,1078075,26619,1104694,26619,1104694, 0.9759037344278144,3177,23442,26619,22133,3177, 0.11935083962583118,1081252,23442,1104694,23442,0,23442, 0.9787796439557017,1.3351,796298,1733978,2906078
redis_anonymized_trace_4.txt, HierarchicalCache,2000,3000,1078697,25997,1104694,25997,1104694, 0.9764667862774669,2534,23463,25997,21765,2534,0.097472785,1081231,23463,1104694,23463,0,23463, 0.9787606341665656,1.3353,794579,1733099,2906249
redis_anonymized_trace_4.txt, HierarchicalCache,2500,2500,1079229,25465,1104694,25465,1104694,0.976948368,2007,23458,25465,21368,2007,0.078814059,1081236,23458,1104694,23458,0,23458, 0.9787651603068361,1.3437,792948,1731268,2904168
redis_anonymized_trace_4.txt, HierarchicalCache,60,5940,1072422,32272,1104694,32272,1104694, 0.9707864802379663,9740,22532,32272,22512,9740, 0.3018096182449182,1082162,22532,1104694,22532,0,22532, 0.9796034014849361,1.4363,806887,1708167,2834767
redis_anonymized_trace_4.txt, HierarchicalCache,300,5700,1075960,28734,1104694,28734,1104694, 0.9739891770933852,6161,22573,28734,22336,6161, 0.21441497877079418,1082121,22573,1104694,22573,0,22573, 0.9795662871347178,1.3302,796560,1699480,2828130
redis_anonymized_trace_4.txt, HierarchicalCache,600,5400,1076724,27970,1104694,27970,1104694, 0.9746807713267204,5365,22605,27970,22125,5365, 0.19181265641759027,1082089,22605,1104694,22605,0,22605, 0.9795373198369866,1.3989,794492,1698692,2828942
redis_anonymized_trace_4.txt, HierarchicalCache,1200,4800,1077691,27003,1104694,27003,1104694, 0.9755561268550386,4329,22674,27003,21672,4329, 0.16031552049772246,1082020,22674,1104694,22674,0,22674, 0.9794748591012534,1.4166,792074,1699034,2832734
redis_anonymized_trace_4.txt, HierarchicalCache,1800,4200,1078485,26209,1104694,26209,1104694, 0.9762748779299969,3492,22717,26209,21188,3492, 0.1332366744248159,1081977,22717,1104694,22717,0,22717, 0.9794359342949269,1.6331,789993,1698673,2834523
redis_anonymized_trace_4.txt, HierarchicalCache,2400,3600,1079129,25565,1104694,25565,1104694, 0.9768578447968397,2828,22737,25565,20751,2828, 0.11061998826520633,1081957,22737,1104694,22737,0,22737, 0.9794178297338448,1.592,788201,1697681,2834531
redis_anonymized_trace_4.txt, HierarchicalCache,3000,3000,1079715,24979,1104694,24979,1104694, 0.9773883084365445,2244,22735,24979,20269,2244,0.089835462,1081959,22735,1104694,22735,0,22735, 0.9794196401899531,1.8446,786429,1695829,2832579
redis_anonymized_trace_4.txt, HierarchicalCache,70,6930,1073166,31528,1104694,31528,1104694, 0.9714599699102194,9723,21805,31528,21763,9723,0.30839254,1082889,21805,1104694,21805,0,21805, 0.9802615022802694,1.823,799566,1671766,2762016
redis_anonymized_trace_4.txt, HierarchicalCache,350,6650,1076130,28564,1104694,28564,1104694, 0.9741430658625828,6711,21853,28564,21585,6711, 0.23494608598235542,1082841,21853,1104694,21853,0,21853, 0.9802180513336725,2.4036,791010,1665130,2757780
redis_anonymized_trace_4.txt, HierarchicalCache,700,6300,1076880,27814,1104694,27814,1104694, 0.9748219869031605,5909,21905,27814,21375,5909, 0.2124469691522255,1082789,21905,1104694,21905,0,21905, 0.9801709794748591,1.9666,789124,1665324,2760574
redis_anonymized_trace_4.txt, HierarchicalCache,1400,5600,1077968,26726,1104694,26726,1104694, 0.9758068750260253,4737,21989,26726,20867,4737, 0.1772431340267904,1082705,21989,1104694,21989,0,21989, 0.9800949403183143,1.9949,786448,1666008,2765458
redis_anonymized_trace_4.txt, HierarchicalCache,2100,4900,1078801,25893,1104694,25893,1104694, 0.9765609299950937,3839,22054,25893,20323,3839, 0.1482640095778782,1082640,22054,1104694,22054,0,22054, 0.9800361004947976,1.7929,784404,1666564,2769264
redis_anonymized_trace_4.txt, HierarchicalCache,2800,4200,1079527,25167,1104694,25167,1104694,0.977218126,3086,22081,25167,19837,3086, 0.12262089243851075,1082613,22081,1104694,22081,0,22081, 0.9800116593373368,1.7047,782415,1665655,2769705
redis_anonymized_trace_4.txt, HierarchicalCache,3500,3500,1080169,24525,1104694,24525,1104694, 0.9777992819731075,2453,22072,24525,19264,2453, 0.1000203873598369,1082622,22072,1104694,22072,0,22072, 0.9800198063898238,1.6559,780426,1663306,2766906
redis_anonymized_trace_4.txt, HierarchicalCache,80,7920,1073611,31083,1104694,31083,1104694, 0.9718627963942956,9983,21100,31083,21051,9983, 0.32117234501174274,1083594,21100,1104694,21100,0,21100, 0.9808996880584125,1.7838,793296,1637296,2692296
redis_anonymized_trace_4.txt, HierarchicalCache,400,7600,1076265,28429,1104694,28429,1104694, 0.9742652716498867,7278,21151,28429,20859,7278, 0.2560061908614443,1083543,21151,1104694,21151,0,21151, 0.9808535214276533,1.7016,785691,1631731,2689281
redis_anonymized_trace_4.txt, HierarchicalCache,800,7200,1077063,27631,1104694,27631,1104694, 0.9749876436370615,6422,21209,27631,20627,6422, 0.23242010784987877,1083485,21209,1104694,21209,0,21209, 0.9808010182005152,1.7997,783703,1632063,2692513
redis_anonymized_trace_4.txt, HierarchicalCache,1600,6400,1078216,26478,1104694,26478,1104694,0.976031372,5161,21317,26478,20075,5161, 0.1949165344814563,1083377,21317,1104694,21317,0,21317,0.980703254,1.7108,781000,1633680,2699530
redis_anonymized_trace_4.txt, HierarchicalCache,2400,5600,1079129,25565,1104694,25565,1104694, 0.9768578447968397,4165,21400,25565,19465,4165, 0.1629180520242519,1083294,21400,1104694,21400,0,21400, 0.9806281196421814,1.8983,778842,1634842,2704842
redis_anonymized_trace_4.txt, HierarchicalCache,3200,4800,1079897,24797,1104694,24797,1104694, 0.9775530599423913,3354,21443,24797,18907,3354, 0.13525829737468242,1083251,21443,1104694,21443,0,21443,0.980589195,2.868,776839,1634559,2706709
redis_anonymized_trace_4.txt, HierarchicalCache,4000,4000,1080579,24115,1104694,24115,1104694,0.978170425,2680,21435,24115,18296,2680, 0.11113414886999792,1083259,21435,1104694,21435,0,21435, 0.9805964366602878,1.9453,774737,1632137,2703887
redis_anonymized_trace_4.txt, HierarchicalCache,90,8910,1073884,30810,1104694,30810,1104694, 0.9721099236530659,10280,20530,30810,20472,10280, 0.3336579032781564,1084164,20530,1104694,20530,0,20530, 0.9814156680492516,1.6616,788487,1609687,2636187
redis_anonymized_trace_4.txt, HierarchicalCache,450,8550,1076392,28302,1104694,28302,1104694, 0.9743802356127579,7712,20590,28302,20272,7712, 0.2724895767083598,1084104,20590,1104694,20590,0,20590, 0.9813613543660055,1.8097,781383,1604983,2634483
redis_anonymized_trace_4.txt, HierarchicalCache,900,8100,1077215,27479,1104694,27479,1104694, 0.9751252383012853,6816,20663,27479,20019,6816, 0.24804396084282543,1084031,20663,1104694,20663,0,20663, 0.9812952727180558,1.7188,779425,1605945,2639095
redis_anonymized_trace_4.txt, HierarchicalCache,1800,7200,1078485,26209,1104694,26209,1104694, 0.9762748779299969,5451,20758,26209,19413,5451, 0.2079819909191499,1083936,20758,1104694,20758,0,20758,0.981209276,1.7559,776280,1606600,2644500
redis_anonymized_trace_4.txt, HierarchicalCache,2700,6300,1079423,25271,1104694,25271,1104694, 0.9771239818447461,4429,20842,25271,18717,4429, 0.17526017965256618,1083852,20842,1104694,20842,0,20842, 0.9811332368963713,1.717,774054,1607734,2649834
redis_anonymized_trace_4.txt, HierarchicalCache,3600,5400,1080252,24442,1104694,24442,1104694, 0.9778744159015981,3565,20877,24442,18075,3565, 0.14585549464037312,1083817,20877,1104694,20877,0,20877, 0.9811015539144776,1.709,771812,1606892,2650742
redis_anonymized_trace_4.txt, HierarchicalCache,4500,4500,1081018,23676,1104694,23676,1104694, 0.9785678205910415,2806,20870,23676,17389,2806, 0.11851664132454806,1083824,20870,1104694,20870,0,20870, 0.9811078905108565,1.847,769465,1604265,2647765
redis_anonymized_trace_4.txt, HierarchicalCache,100,9900,1074153,30541,1104694,30541,1104694, 0.9723534299996198,10491,20050,30541,19987,10491,0.343505452,1084644,20050,1104694,20050,0,20050, 0.9818501775152214,1.5468,784320,1586320,2588820
redis_anonymized_trace_4.txt, HierarchicalCache,500,9500,1076493,28201,1104694,28201,1104694, 0.9744716636462224,8083,20118,28201,19783,8083, 0.28662104180702813,1084576,20118,1104694,20118,0,20118, 0.9817886220075424,1.755,777776,1582496,2588396
redis_anonymized_trace_4.txt, HierarchicalCache,1000,9000,1077360,27334,1104694,27334,1104694, 0.9752564963691303,7158,20176,27334,19480,7158, 0.2618716616667886,1084518,20176,1104694,20176,0,20176, 0.9817361187804043,1.7286,775581,1582621,2591421
redis_anonymized_trace_4.txt, HierarchicalCache,2000,8000,1078697,25997,1104694,25997,1104694, 0.9764667862774669,5713,20284,25997,18830,5713, 0.21975612570681233,1084410,20284,1104694,20284,0,20284, 0.9816383541505611,1.8516,772326,1583686,2597886
redis_anonymized_trace_4.txt, HierarchicalCache,3000,7000,1079715,24979,1104694,24979,1104694, 0.9773883084365445,4618,20361,24979,18060,4618, 0.18487529524800833,1084333,20361,1104694,20361,0,20361, 0.9815686515903952,2.1038,769811,1584251,2602301
redis_anonymized_trace_4.txt, HierarchicalCache,4000,6000,1080579,24115,1104694,24115,1104694,0.978170425,3706,20409,24115,17358,3706, 0.15368028198216876,1084285,20409,1104694,20409,0,20409, 0.9815252006437982,33.4948,767555,1583915,2604365
redis_anonymized_trace_4.txt, HierarchicalCache,5000,5000,1081421,23273,1104694,23273,1104694, 0.9789326274968453,2876,20397,23273,16601,2876, 0.12357667683581833,1084297,20397,1104694,20397,0,20397, 0.9815360633804474,1.4192,764945,1580825,2600675
redis_anonymized_trace_4.txt, HierarchicalCache,200,19800,1075355,29339,1104694,29339,1104694, 0.9734415141206524,11089,18250,29339,18142,11089, 0.37796107570128495,1086444,18250,1104694,18250,0,18250,0.983479588,1.7053,768114,1498114,2410614
redis_anonymized_trace_4.txt, HierarchicalCache,1000,19000,1077360,27334,1104694,27334,1104694, 0.9752564963691303,9084,18250,27334,17789,9084, 0.3323333577229824,1086444,18250,1104694,18250,0,18250,0.983479588,1.3702,762099,1492099,2404599
redis_anonymized_trace_4.txt, HierarchicalCache,2000,18000,1078697,25997,1104694,25997,1104694, 0.9764667862774669,7747,18250,25997,17281,7747, 0.2979959226064546,1086444,18250,1104694,18250,0,18250,0.983479588,1.4724,758088,1488088,2400588
redis_anonymized_trace_4.txt, HierarchicalCache,4000,16000,1080579,24115,1104694,24115,1104694,0.978170425,5865,18250,24115,16010,5865, 0.24320962056811113,1086444,18250,1104694,18250,0,18250,0.983479588,1.3391,752442,1482442,2394942
redis_anonymized_trace_4.txt, HierarchicalCache,6000,14000,1082169,22525,1104694,22525,1104694, 0.9796097380813148,4274,18251,22525,14494,4274, 0.18974472807991122,1086443,18251,1104694,18251,0,18251, 0.9834786827845539,1.3601,747679,1477719,2390269
redis_anonymized_trace_4.txt, HierarchicalCache,8000,12000,1083613,21081,1104694,21081,1104694, 0.9809168873914406,2830,18251,21081,12469,2830, 0.13424410606707463,1086443,18251,1104694,18251,0,18251, 0.9834786827845539,1.4013,743347,1473387,2385937
redis_anonymized_trace_4.txt, HierarchicalCache,10000,10000,1084671,20023,1104694,20023,1104694, 0.9818746186726822,1773,18250,20023,9962,1773,0.08854817,1086444,18250,1104694,18250,0,18250,0.983479588,1.3923,740166,1470166,2382666
redis_anonymized_trace_4.txt, HierarchicalCache,300,29700,1075960,28734,1104694,28734,1104694, 0.9739891770933852,10484,18250,28734,18106,10484, 0.3648639242708986,1086444,18250,1104694,18250,0,18250,0.983479588,1.3512,766299,1496299,2408799
redis_anonymized_trace_4.txt, HierarchicalCache,1500,28500,1078075,26619,1104694,26619,1104694, 0.9759037344278144,8369,18250,26619,17538,8369, 0.31439948908674253,1086444,18250,1104694,18250,0,18250,0.983479588,1.7387,759954,1489954,2402454
redis_anonymized_trace_4.txt, HierarchicalCache,3000,27000,1079715,24979,1104694,24979,1104694, 0.9773883084365445,6729,18250,24979,16685,6729, 0.26938628447896235,1086444,18250,1104694,18250,0,18250,0.983479588,1.8744,755034,1485034,2397534
redis_anonymized_trace_4.txt, HierarchicalCache,6000,24000,1082169,22525,1104694,22525,1104694, 0.9796097380813148,4275,18250,22525,14494,4275, 0.1897891231964484,1086444,18250,1104694,18250,0,18250,0.983479588,1.5532,747672,1477672,2390172
redis_anonymized_trace_4.txt, HierarchicalCache,9000,21000,1084179,20515,1104694,20515,1104694, 0.9814292464700632,2265,18250,20515,11242,2265, 0.11040701925420424,1086444,18250,1104694,18250,0,18250,0.983479588,1.6677,741642,1471642,2384142
redis_anonymized_trace_4.txt, HierarchicalCache,12000,18000,1085450,19244,1104694,19244,1104694, 0.9825797913268289,994,18250,19244,7244,994, 0.051652463105383496,1086444,18250,1104694,18250,0,18250,0.983479588,1.3768,737829,1467829,2380329
redis_anonymized_trace_4.txt, HierarchicalCache,15000,15000,1086196,18498,1104694,18498,1104694, 0.9832550914551903,248,18250,18498,3498,248, 0.013406854795112985,1086444,18250,1104694,18250,0,18250,0.983479588,1.2571,735591,1465591,2378091
redis_anonymized_trace_4.txt, HierarchicalCache,400,39600,1076265,28429,1104694,28429,1104694, 0.9742652716498867,10179,18250,28429,18057,10179, 0.35804987864504556,1086444,18250,1104694,18250,0,18250,0.983479588,1.3829,765384,1495384,2407884
redis_anonymized_trace_4.txt, HierarchicalCache,2000,38000,1078697,25997,1104694,25997,1104694, 0.9764667862774669,7747,18250,25997,17281,7747, 0.2979959226064546,1086444,18250,1104694,18250,0,18250,0.983479588,1.3452,758088,1488088,2400588
redis_anonymized_trace_4.txt, HierarchicalCache,4000,36000,1080579,24115,1104694,24115,1104694,0.978170425,5865,18250,24115,16010,5865, 0.24320962056811113,1086444,18250,1104694,18250,0,18250,0.983479588,1.3565,752442,1482442,2394942
redis_anonymized_trace_4.txt, HierarchicalCache,8000,32000,1083613,21081,1104694,21081,1104694, 0.9809168873914406,2831,18250,21081,12469,2831,0.134291542,1086444,18250,1104694,18250,0,18250,0.983479588,1.414,743340,1473340,2385840
redis_anonymized_trace_4.txt, HierarchicalCache,12000,28000,1085450,19244,1104694,19244,1104694, 0.9825797913268289,994,18250,19244,7244,994, 0.051652463105383496,1086444,18250,1104694,18250,0,18250,0.983479588,1.4057,737829,1467829,2380329
redis_anonymized_trace_4.txt, HierarchicalCache,16000,24000,1086331,18363,1104694,18363,1104694, 0.9833772972424943,113,18250,18363,2363,113,0.006153679,1086444,18250,1104694,18250,0,18250,0.983479588,1.8096,735186,1465186,2377686
redis_anonymized_trace_4.txt, HierarchicalCache,20000,20000,1086444,18250,1104694,18250,1104694,0.983479588,0,18250,18250,0,0,0,1086444,18250,1104694,18250,0,18250,0.983479588,1.3524,734847,1464847,2377347
redis_anonymized_trace_4.txt, HierarchicalCache,500,49500,1076493,28201,1104694,28201,1104694, 0.9744716636462224,9951,18250,28201,18020,9951, 0.35285982766568563,1086444,18250,1104694,18250,0,18250,0.983479588,1.3702,764700,1494700,2407200
redis_anonymized_trace_4.txt, HierarchicalCache,2500,47500,1079229,25465,1104694,25465,1104694,0.976948368,7215,18250,25465,16984,7215, 0.28333006086785784,1086444,18250,1104694,18250,0,18250,0.983479588,1.3517,756492,1486492,2398992
redis_anonymized_trace_4.txt, HierarchicalCache,5000,45000,1081421,23273,1104694,23273,1104694, 0.9789326274968453,5023,18250,23273,15333,5023, 0.21582950199802345,1086444,18250,1104694,18250,0,18250,0.983479588,1.3661,749916,1479916,2392416
redis_anonymized_trace_4.txt, HierarchicalCache,10000,40000,1084671,20023,1104694,20023,1104694, 0.9818746186726822,1773,18250,20023,9962,1773,0.08854817,1086444,18250,1104694,18250,0,18250,0.983479588,1.294,740166,1470166,2382666
redis_anonymized_trace_4.txt, HierarchicalCache,15000,35000,1086196,18498,1104694,18498,1104694, 0.9832550914551903,248,18250,18498,3498,248, 0.013406854795112985,1086444,18250,1104694,18250,0,18250,0.983479588,1.2781,735591,1465591,2378091
redis_anonymized_trace_4.txt, HierarchicalCache,20000,30000,1086444,18250,1104694,18250,1104694,0.983479588,0,18250,18250,0,0,0,1086444,18250,1104694,18250,0,18250,0.983479588,1.313,734847,1464847,2377347
redis_anonymized_trace_4.txt, HierarchicalCache,25000,25000,1086444,18250,1104694,18250,1104694,0.983479588,0,18250,18250,0,0,0,1086444,18250,1104694,18250,0,18250,0.983479588,1.2189,734847,1464847,2377347
redis_anonymized_trace_4.txt, HierarchicalCache,600,59400,1076724,27970,1104694,27970,1104694, 0.9746807713267204,9720,18250,27970,17973,9720, 0.34751519485162674,1086444,18250,1104694,18250,0,18250,0.983479588,1.4227,764007,1494007,2406507
redis_anonymized_trace_4.txt, HierarchicalCache,3000,57000,1079715,24979,1104694,24979,1104694, 0.9773883084365445,6729,18250,24979,16685,6729, 0.26938628447896235,1086444,18250,1104694,18250,0,18250,0.983479588,1.4315,755034,1485034,2397534
redis_anonymized_trace_4.txt, HierarchicalCache,6000,54000,1082169,22525,1104694,22525,1104694, 0.9796097380813148,4275,18250,22525,14494,4275, 0.1897891231964484,1086444,18250,1104694,18250,0,18250,0.983479588,1.3063,747672,1477672,2390172
redis_anonymized_trace_4.txt, HierarchicalCache,12000,48000,1085450,19244,1104694,19244,1104694, 0.9825797913268289,994,18250,19244,7244,994, 0.051652463105383496,1086444,18250,1104694,18250,0,18250,0.983479588,1.2454,737829,1467829,2380329
redis_anonymized_trace_4.txt, HierarchicalCache,18000,42000,1086444,18250,1104694,18250,1104694,0.983479588,0,18250,18250,250,0,0,1086444,18250,1104694,18250,0,18250,0.983479588,1.3212,734847,1464847,2377347
redis_anonymized_trace_4.txt, HierarchicalCache,24000,36000,1086444,18250,1104694,18250,1104694,0.983479588,0,18250,18250,0,0,0,1086444,18250,1104694,18250,0,18250,0.983479588,1.2396,734847,1464847,2377347
redis_anonymized_trace_4.txt, HierarchicalCache,30000,30000,1086444,18250,1104694,18250,1104694,0.983479588,0,18250,18250,0,0,0,1086444,18250,1104694,18250,0,18250,0.983479588,1.2202,734847,1464847,2377347
redis_anonymized_trace_4.txt, HierarchicalCache,700,69300,1076880,27814,1104694,27814,1104694, 0.9748219869031605,9564,18250,27814,17932,9564, 0.3438556122815848,1086444,18250,1104694,18250,0,18250,0.983479588,1.3935,763539,1493539,2406039
redis_anonymized_trace_4.txt, HierarchicalCache,3500,66500,1080169,24525,1104694,24525,1104694, 0.9777992819731075,6275,18250,24525,16371,6275, 0.2558613659531091,1086444,18250,1104694,18250,0,18250,0.983479588,1.2807,753672,1483672,2396172
redis_anonymized_trace_4.txt, HierarchicalCache,7000,63000,1082907,21787,1104694,21787,1104694, 0.9802777963852434,3537,18250,21787,13555,3537, 0.16234451737274522,1086444,18250,1104694,18250,0,18250,0.983479588,1.2946,745458,1475458,2387958
redis_anonymized_trace_4.txt, HierarchicalCache,14000,56000,1085987,18707,1104694,18707,1104694, 0.9830658987918827,457,18250,18707,4707,457, 0.024429357994333673,1086444,18250,1104694,18250,0,18250,0.983479588,1.2953,736218,1466218,2378718
redis_anonymized_trace_4.txt, HierarchicalCache,21000,49000,1086444,18250,1104694,18250,1104694,0.983479588,0,18250,18250,0,0,0,1086444,18250,1104694,18250,0,18250,0.983479588,1.3142,734847,1464847,2377347
redis_anonymized_trace_4.txt, HierarchicalCache,28000,42000,1086444,18250,1104694,18250,1104694,0.983479588,0,18250,18250,0,0,0,1086444,18250,1104694,18250,0,18250,0.983479588,1.2167,734847,1464847,2377347
redis_anonymized_trace_4.txt, HierarchicalCache,35000,35000,1086444,18250,1104694,18250,1104694,0.983479588,0,18250,18250,0,0,0,1086444,18250,1104694,18250,0,18250,0.983479588,1.264,734847,1464847,2377347
redis_anonymized_trace_4.txt, HierarchicalCache,800,79200,1077063,27631,1104694,27631,1104694, 0.9749876436370615,9381,18250,27631,17894,9381, 0.3395099706851001,1086444,18250,1104694,18250,0,18250,0.983479588,1.331,762990,1492990,2405490
redis_anonymized_trace_4.txt, HierarchicalCache,4000,76000,1080579,24115,1104694,24115,1104694,0.978170425,5865,18250,24115,16010,5865, 0.24320962056811113,1086444,18250,1104694,18250,0,18250,0.983479588,1.3217,752442,1482442,2394942
redis_anonymized_trace_4.txt, HierarchicalCache,8000,72000,1083613,21081,1104694,21081,1104694, 0.9809168873914406,2831,18250,21081,12469,2831,0.134291542,1086444,18250,1104694,18250,0,18250,0.983479588,1.3429,743340,1473340,2385840
redis_anonymized_trace_4.txt, HierarchicalCache,16000,64000,1086331,18363,1104694,18363,1104694, 0.9833772972424943,113,18250,18363,2363,113,0.006153679,1086444,18250,1104694,18250,0,18250,0.983479588,1.232,735186,1465186,2377686
redis_anonymized_trace_4.txt, HierarchicalCache,24000,56000,1086444,18250,1104694,18250,1104694,0.983479588,0,18250,18250,0,0,0,1086444,18250,1104694,18250,0,18250,0.983479588,1.2516,734847,1464847,2377347
redis_anonymized_trace_4.txt, HierarchicalCache,32000,48000,1086444,18250,1104694,18250,1104694,0.983479588,0,18250,18250,0,0,0,1086444,18250,1104694,18250,0,18250,0.983479588,1.312,734847,1464847,2377347
redis_anonymized_trace_4.txt, HierarchicalCache,40000,40000,1086444,18250,1104694,18250,1104694,0.983479588,0,18250,18250,0,0,0,1086444,18250,1104694,18250,0,18250,0.983479588,1.2983,734847,1464847,2377347
redis_anonymized_trace_4.txt, HierarchicalCache,900,89100,1077215,27479,1104694,27479,1104694, 0.9751252383012853,9229,18250,27479,17846,9229, 0.3358564722151461,1086444,18250,1104694,18250,0,18250,0.983479588,1.441,762534,1492534,2405034
redis_anonymized_trace_4.txt, HierarchicalCache,4500,85500,1081018,23676,1104694,23676,1104694, 0.9785678205910415,5426,18250,23676,15676,5426, 0.22917722588275047,1086444,18250,1104694,18250,0,18250,0.983479588,1.4062,751125,1481125,2393625
redis_anonymized_trace_4.txt, HierarchicalCache,9000,81000,1084179,20515,1104694,20515,1104694, 0.9814292464700632,2265,18250,20515,11242,2265, 0.11040701925420424,1086444,18250,1104694,18250,0,18250,0.983479588,2.2808,741642,1471642,2384142
redis_anonymized_trace_4.txt, HierarchicalCache,18000,72000,1086444,18250,1104694,18250,1104694,0.983479588,0,18250,18250,250,0,0,1086444,18250,1104694,18250,0,18250,0.983479588,1.3388,734847,1464847,2377347
redis_anonymized_trace_4.txt, HierarchicalCache,27000,63000,1086444,18250,1104694,18250,1104694,0.983479588,0,18250,18250,0,0,0,1086444,18250,1104694,18250,0,18250,0.983479588,1.2287,734847,1464847,2377347
redis_anonymized_trace_4.txt, HierarchicalCache,36000,54000,1086444,18250,1104694,18250,1104694,0.983479588,0,18250,18250,0,0,0,1086444,18250,1104694,18250,0,18250,0.983479588,1.7956,734847,1464847,2377347
redis_anonymized_trace_4.txt, HierarchicalCache,45000,45000,1086444,18250,1104694,18250,1104694,0.983479588,0,18250,18250,0,0,0,1086444,18250,1104694,18250,0,18250,0.983479588,1.6132,734847,1464847,2377347
redis_anonymized_trace_4.txt, HierarchicalCache,1000,99000,1077360,27334,1104694,27334,1104694, 0.9752564963691303,9084,18250,27334,17789,9084, 0.3323333577229824,1086444,18250,1104694,18250,0,18250,0.983479588,1.7159,762099,1492099,2404599
redis_anonymized_trace_4.txt, HierarchicalCache,5000,95000,1081421,23273,1104694,23273,1104694, 0.9789326274968453,5023,18250,23273,15333,5023, 0.21582950199802345,1086444,18250,1104694,18250,0,18250,0.983479588,1.6451,749916,1479916,2392416
redis_anonymized_trace_4.txt, HierarchicalCache,10000,90000,1084671,20023,1104694,20023,1104694, 0.9818746186726822,1773,18250,20023,9962,1773,0.08854817,1086444,18250,1104694,18250,0,18250,0.983479588,1.5977,740166,1470166,2382666
redis_anonymized_trace_4.txt, HierarchicalCache,20000,80000,1086444,18250,1104694,18250,1104694,0.983479588,0,18250,18250,0,0,0,1086444,18250,1104694,18250,0,18250,0.983479588,1.5917,734847,1464847,2377347
redis_anonymized_trace_4.txt, HierarchicalCache,30000,70000,1086444,18250,1104694,18250,1104694,0.983479588,0,18250,18250,0,0,0,1086444,18250,1104694,18250,0,18250,0.983479588,1.6945,734847,1464847,2377347
redis_anonymized_trace_4.txt, HierarchicalCache,40000,60000,1086444,18250,1104694,18250,1104694,0.983479588,0,18250,18250,0,0,0,1086444,18250,1104694,18250,0,18250,0.983479588,1.6007,734847,1464847,2377347
redis_anonymized_trace_4.txt, HierarchicalCache,50000,50000,1086444,18250,1104694,18250,1104694,0.983479588,0,18250,18250,0,0,0,1086444,18250,1104694,18250,0,18250,0.983479588,1.6425,734847,1464847,2377347
redis_anonymized_trace_4.txt, HierarchicalCache,2000,198000,1078697,25997,1104694,25997,1104694, 0.9764667862774669,7747,18250,25997,17281,7747, 0.2979959226064546,1086444,18250,1104694,18250,0,18250,0.983479588,1.7007,758088,1488088,2400588
redis_anonymized_trace_4.txt, HierarchicalCache,10000,190000,1084671,20023,1104694,20023,1104694, 0.9818746186726822,1773,18250,20023,9962,1773,0.08854817,1086444,18250,1104694,18250,0,18250,0.983479588,1.6755,740166,1470166,2382666
redis_anonymized_trace_4.txt, HierarchicalCache,20000,180000,1086444,18250,1104694,18250,1104694,0.983479588,0,18250,18250,0,0,0,1086444,18250,1104694,18250,0,18250,0.983479588,1.732,734847,1464847,2377347
redis_anonymized_trace_4.txt, HierarchicalCache,40000,160000,1086444,18250,1104694,18250,1104694,0.983479588,0,18250,18250,0,0,0,1086444,18250,1104694,18250,0,18250,0.983479588,1.6917,734847,1464847,2377347
redis_anonymized_trace_4.txt, HierarchicalCache,60000,140000,1086444,18250,1104694,18250,1104694,0.983479588,0,18250,18250,0,0,0,1086444,18250,1104694,18250,0,18250,0.983479588,1.7096,734847,1464847,2377347
redis_anonymized_trace_4.txt, HierarchicalCache,80000,120000,1086444,18250,1104694,18250,1104694,0.983479588,0,18250,18250,0,0,0,1086444,18250,1104694,18250,0,18250,0.983479588,1.6835,734847,1464847,2377347
redis_anonymized_trace_4.txt, HierarchicalCache,100000,100000,1086444,18250,1104694,18250,1104694,0.983479588,0,18250,18250,0,0,0,1086444,18250,1104694,18250,0,18250,0.983479588,1.7179,734847,1464847,2377347
redis_anonymized_trace_4.txt, HierarchicalCache,3000,297000,1079715,24979,1104694,24979,1104694, 0.9773883084365445,6729,18250,24979,16685,6729, 0.26938628447896235,1086444,18250,1104694,18250,0,18250,0.983479588,1.7671,755034,1485034,2397534
redis_anonymized_trace_4.txt, HierarchicalCache,15000,285000,1086196,18498,1104694,18498,1104694, 0.9832550914551903,248,18250,18498,3498,248, 0.013406854795112985,1086444,18250,1104694,18250,0,18250,0.983479588,1.6855,735591,1465591,2378091
redis_anonymized_trace_4.txt, HierarchicalCache,30000,270000,1086444,18250,1104694,18250,1104694,0.983479588,0,18250,18250,0,0,0,1086444,18250,1104694,18250,0,18250,0.983479588,1.769,734847,1464847,2377347
redis_anonymized_trace_4.txt, HierarchicalCache,60000,240000,1086444,18250,1104694,18250,1104694,0.983479588,0,18250,18250,0,0,0,1086444,18250,1104694,18250,0,18250,0.983479588,1.8164,734847,1464847,2377347
redis_anonymized_trace_4.txt, HierarchicalCache,90000,210000,1086444,18250,1104694,18250,1104694,0.983479588,0,18250,18250,0,0,0,1086444,18250,1104694,18250,0,18250,0.983479588,1.7729,734847,1464847,2377347
redis_anonymized_trace_4.txt, HierarchicalCache,120000,180000,1086444,18250,1104694,18250,1104694,0.983479588,0,18250,18250,0,0,0,1086444,18250,1104694,18250,0,18250,0.983479588,1.9254,734847,1464847,2377347
redis_anonymized_trace_4.txt, HierarchicalCache,150000,150000,1086444,18250,1104694,18250,1104694,0.983479588,0,18250,18250,0,0,0,1086444,18250,1104694,18250,0,18250,0.983479588,1.6859,734847,1464847,2377347
redis_anonymized_trace_4.txt, HierarchicalCache,4000,396000,1080579,24115,1104694,24115,1104694,0.978170425,5865,18250,24115,16010,5865, 0.24320962056811113,1086444,18250,1104694,18250,0,18250,0.983479588,1.6985,752442,1482442,2394942
redis_anonymized_trace_4.txt, HierarchicalCache,20000,380000,1086444,18250,1104694,18250,1104694,0.983479588,0,18250,18250,0,0,0,1086444,18250,1104694,18250,0,18250,0.983479588,1.7266,734847,1464847,2377347
redis_anonymized_trace_4.txt, HierarchicalCache,40000,360000,1086444,18250,1104694,18250,1104694,0.983479588,0,18250,18250,0,0,0,1086444,18250,1104694,18250,0,18250,0.983479588,1.6341,734847,1464847,2377347
redis_anonymized_trace_4.txt, HierarchicalCache,80000,320000,1086444,18250,1104694,18250,1104694,0.983479588,0,18250,18250,0,0,0,1086444,18250,1104694,18250,0,18250,0.983479588,1.6733,734847,1464847,2377347
redis_anonymized_trace_4.txt, HierarchicalCache,120000,280000,1086444,18250,1104694,18250,1104694,0.983479588,0,18250,18250,0,0,0,1086444,18250,1104694,18250,0,18250,0.983479588,1.606,734847,1464847,2377347
redis_anonymized_trace_4.txt, HierarchicalCache,160000,240000,1086444,18250,1104694,18250,1104694,0.983479588,0,18250,18250,0,0,0,1086444,18250,1104694,18250,0,18250,0.983479588,1.7124,734847,1464847,2377347
redis_anonymized_trace_4.txt, HierarchicalCache,200000,200000,1086444,18250,1104694,18250,1104694,0.983479588,0,18250,18250,0,0,0,1086444,18250,1104694,18250,0,18250,0.983479588,1.6834,734847,1464847,2377347
redis_anonymized_trace_4.txt, HierarchicalCache,5000,495000,1081421,23273,1104694,23273,1104694, 0.9789326274968453,5023,18250,23273,15333,5023, 0.21582950199802345,1086444,18250,1104694,18250,0,18250,0.983479588,1.7802,749916,1479916,2392416
redis_anonymized_trace_4.txt, HierarchicalCache,25000,475000,1086444,18250,1104694,18250,1104694,0.983479588,0,18250,18250,0,0,0,1086444,18250,1104694,18250,0,18250,0.983479588,1.6628,734847,1464847,2377347
redis_anonymized_trace_4.txt, HierarchicalCache,50000,450000,1086444,18250,1104694,18250,1104694,0.983479588,0,18250,18250,0,0,0,1086444,18250,1104694,18250,0,18250,0.983479588,1.8006,734847,1464847,2377347
redis_anonymized_trace_4.txt, HierarchicalCache,100000,400000,1086444,18250,1104694,18250,1104694,0.983479588,0,18250,18250,0,0,0,1086444,18250,1104694,18250,0,18250,0.983479588,1.9191,734847,1464847,2377347
redis_anonymized_trace_4.txt, HierarchicalCache,150000,350000,1086444,18250,1104694,18250,1104694,0.983479588,0,18250,18250,0,0,0,1086444,18250,1104694,18250,0,18250,0.983479588,2.1441,734847,1464847,2377347
redis_anonymized_trace_4.txt, HierarchicalCache,200000,300000,1086444,18250,1104694,18250,1104694,0.983479588,0,18250,18250,0,0,0,1086444,18250,1104694,18250,0,18250,0.983479588,1.3728,734847,1464847,2377347
redis_anonymized_trace_4.txt, HierarchicalCache,250000,250000,1086444,18250,1104694,18250,1104694,0.983479588,0,18250,18250,0,0,0,1086444,18250,1104694,18250,0,18250,0.983479588,1.3704,734847,1464847,2377347
redis_anonymized_trace_4.txt, HierarchicalCache,6000,594000,1082169,22525,1104694,22525,1104694, 0.9796097380813148,4275,18250,22525,14494,4275, 0.1897891231964484,1086444,18250,1104694,18250,0,18250,0.983479588,1.4532,747672,1477672,2390172
redis_anonymized_trace_4.txt, HierarchicalCache,30000,570000,1086444,18250,1104694,18250,1104694,0.983479588,0,18250,18250,0,0,0,1086444,18250,1104694,18250,0,18250,0.983479588,1.4375,734847,1464847,2377347
redis_anonymized_trace_4.txt, HierarchicalCache,60000,540000,1086444,18250,1104694,18250,1104694,0.983479588,0,18250,18250,0,0,0,1086444,18250,1104694,18250,0,18250,0.983479588,1.4254,734847,1464847,2377347
redis_anonymized_trace_4.txt, HierarchicalCache,120000,480000,1086444,18250,1104694,18250,1104694,0.983479588,0,18250,18250,0,0,0,1086444,18250,1104694,18250,0,18250,0.983479588,1.3884,734847,1464847,2377347
redis_anonymized_trace_4.txt, HierarchicalCache,180000,420000,1086444,18250,1104694,18250,1104694,0.983479588,0,18250,18250,0,0,0,1086444,18250,1104694,18250,0,18250,0.983479588,1.5484,734847,1464847,2377347
redis_anonymized_trace_4.txt, HierarchicalCache,240000,360000,1086444,18250,1104694,18250,1104694,0.983479588,0,18250,18250,0,0,0,1086444,18250,1104694,18250,0,18250,0.983479588,1.3573,734847,1464847,2377347
redis_anonymized_trace_4.txt, HierarchicalCache,300000,300000,1086444,18250,1104694,18250,1104694,0.983479588,0,18250,18250,0,0,0,1086444,18250,1104694,18250,0,18250,0.983479588,1.3414,734847,1464847,2377347
redis_anonymized_trace_4.txt, HierarchicalCache,7000,693000,1082907,21787,1104694,21787,1104694, 0.9802777963852434,3537,18250,21787,13555,3537, 0.16234451737274522,1086444,18250,1104694,18250,0,18250,0.983479588,1.5847,745458,1475458,2387958
redis_anonymized_trace_4.txt, HierarchicalCache,35000,665000,1086444,18250,1104694,18250,1104694,0.983479588,0,18250,18250,0,0,0,1086444,18250,1104694,18250,0,18250,0.983479588,1.4308,734847,1464847,2377347
redis_anonymized_trace_4.txt, HierarchicalCache,70000,630000,1086444,18250,1104694,18250,1104694,0.983479588,0,18250,18250,0,0,0,1086444,18250,1104694,18250,0,18250,0.983479588,1.2872,734847,1464847,2377347
redis_anonymized_trace_4.txt, HierarchicalCache,140000,560000,1086444,18250,1104694,18250,1104694,0.983479588,0,18250,18250,0,0,0,1086444,18250,1104694,18250,0,18250,0.983479588,1.3808,734847,1464847,2377347
redis_anonymized_trace_4.txt, HierarchicalCache,210000,490000,1086444,18250,1104694,18250,1104694,0.983479588,0,18250,18250,0,0,0,1086444,18250,1104694,18250,0,18250,0.983479588,1.3761,734847,1464847,2377347
redis_anonymized_trace_4.txt, HierarchicalCache,280000,420000,1086444,18250,1104694,18250,1104694,0.983479588,0,18250,18250,0,0,0,1086444,18250,1104694,18250,0,18250,0.983479588,1.3636,734847,1464847,2377347
redis_anonymized_trace_4.txt, HierarchicalCache,350000,350000,1086444,18250,1104694,18250,1104694,0.983479588,0,18250,18250,0,0,0,1086444,18250,1104694,18250,0,18250,0.983479588,2.0441,734847,1464847,2377347
redis_anonymized_trace_4.txt, HierarchicalCache,8000,792000,1083613,21081,1104694,21081,1104694, 0.9809168873914406,2831,18250,21081,12469,2831,0.134291542,1086444,18250,1104694,18250,0,18250,0.983479588,1.7038,743340,1473340,2385840
redis_anonymized_trace_4.txt, HierarchicalCache,40000,760000,1086444,18250,1104694,18250,1104694,0.983479588,0,18250,18250,0,0,0,1086444,18250,1104694,18250,0,18250,0.983479588,1.4064,734847,1464847,2377347
redis_anonymized_trace_4.txt, HierarchicalCache,80000,720000,1086444,18250,1104694,18250,1104694,0.983479588,0,18250,18250,0,0,0,1086444,18250,1104694,18250,0,18250,0.983479588,1.2995,734847,1464847,2377347
redis_anonymized_trace_4.txt, HierarchicalCache,160000,640000,1086444,18250,1104694,18250,1104694,0.983479588,0,18250,18250,0,0,0,1086444,18250,1104694,18250,0,18250,0.983479588,1.3335,734847,1464847,2377347
redis_anonymized_trace_4.txt, HierarchicalCache,240000,560000,1086444,18250,1104694,18250,1104694,0.983479588,0,18250,18250,0,0,0,1086444,18250,1104694,18250,0,18250,0.983479588,1.3369,734847,1464847,2377347
redis_anonymized_trace_4.txt, HierarchicalCache,320000,480000,1086444,18250,1104694,18250,1104694,0.983479588,0,18250,18250,0,0,0,1086444,18250,1104694,18250,0,18250,0.983479588,1.2852,734847,1464847,2377347
redis_anonymized_trace_4.txt, HierarchicalCache,400000,400000,1086444,18250,1104694,18250,1104694,0.983479588,0,18250,18250,0,0,0,1086444,18250,1104694,18250,0,18250,0.983479588,1.2774,734847,1464847,2377347
redis_anonymized_trace_4.txt, HierarchicalCache,9000,891000,1084179,20515,1104694,20515,1104694, 0.9814292464700632,2265,18250,20515,11242,2265, 0.11040701925420424,1086444,18250,1104694,18250,0,18250,0.983479588,1.3,741642,1471642,2384142
redis_anonymized_trace_4.txt, HierarchicalCache,45000,855000,1086444,18250,1104694,18250,1104694,0.983479588,0,18250,18250,0,0,0,1086444,18250,1104694,18250,0,18250,0.983479588,1.3352,734847,1464847,2377347
redis_anonymized_trace_4.txt, HierarchicalCache,90000,810000,1086444,18250,1104694,18250,1104694,0.983479588,0,18250,18250,0,0,0,1086444,18250,1104694,18250,0,18250,0.983479588,1.2885,734847,1464847,2377347
redis_anonymized_trace_4.txt, HierarchicalCache,180000,720000,1086444,18250,1104694,18250,1104694,0.983479588,0,18250,18250,0,0,0,1086444,18250,1104694,18250,0,18250,0.983479588,1.2916,734847,1464847,2377347
redis_anonymized_trace_4.txt, HierarchicalCache,270000,630000,1086444,18250,1104694,18250,1104694,0.983479588,0,18250,18250,0,0,0,1086444,18250,1104694,18250,0,18250,0.983479588,1.2817,734847,1464847,2377347
redis_anonymized_trace_4.txt, HierarchicalCache,360000,540000,1086444,18250,1104694,18250,1104694,0.983479588,0,18250,18250,0,0,0,1086444,18250,1104694,18250,0,18250,0.983479588,1.2874,734847,1464847,2377347
redis_anonymized_trace_4.txt, HierarchicalCache,450000,450000,1086444,18250,1104694,18250,1104694,0.983479588,0,18250,18250,0,0,0,1086444,18250,1104694,18250,0,18250,0.983479588,1.2414,734847,1464847,2377347
redis_anonymized_trace_4.txt, HierarchicalCache,10000,990000,1084671,20023,1104694,20023,1104694, 0.9818746186726822,1773,18250,20023,9962,1773,0.08854817,1086444,18250,1104694,18250,0,18250,0.983479588,1.33,740166,1470166,2382666
redis_anonymized_trace_4.txt, HierarchicalCache,50000,950000,1086444,18250,1104694,18250,1104694,0.983479588,0,18250,18250,0,0,0,1086444,18250,1104694,18250,0,18250,0.983479588,1.2742,734847,1464847,2377347
redis_anonymized_trace_4.txt, HierarchicalCache,100000,900000,1086444,18250,1104694,18250,1104694,0.983479588,0,18250,18250,0,0,0,1086444,18250,1104694,18250,0,18250,0.983479588,1.3717,734847,1464847,2377347
redis_anonymized_trace_4.txt, HierarchicalCache,200000,800000,1086444,18250,1104694,18250,1104694,0.983479588,0,18250,18250,0,0,0,1086444,18250,1104694,18250,0,18250,0.983479588,1.6154,734847,1464847,2377347
redis_anonymized_trace_4.txt, HierarchicalCache,300000,700000,1086444,18250,1104694,18250,1104694,0.983479588,0,18250,18250,0,0,0,1086444,18250,1104694,18250,0,18250,0.983479588,1.6559,734847,1464847,2377347
redis_anonymized_trace_4.txt, HierarchicalCache,400000,600000,1086444,18250,1104694,18250,1104694,0.983479588,0,18250,18250,0,0,0,1086444,18250,1104694,18250,0,18250,0.983479588,1.4083,734847,1464847,2377347
redis_anonymized_trace_4.txt, HierarchicalCache,500000,500000,1086444,18250,1104694,18250,1104694,0.983479588,0,18250,18250,0,0,0,1086444,18250,1104694,18250,0,18250,0.983479588,1.5348,734847,1464847,2377347
